0.00	0.00	0.00
0.10	0.00	0.00
0.20	0.00	0.02
0.30	0.00	0.03
0.40	0.01	0.05
0.50	0.01	0.08
0.60	0.02	0.10
0.70	0.03	0.13
0.80	0.05	0.15
0.90	0.06	0.18
1.00	0.08	0.20
1.10	0.10	0.22
1.20	0.12	0.25
1.30	0.14	0.27
1.40	0.17	0.29
1.50	0.19	0.31
1.60	0.22	0.33
1.70	0.24	0.35
1.80	0.27	0.37
1.90	0.30	0.38
2.00	0.32	0.40
2.10	0.35	0.42
2.20	0.38	0.43
2.30	0.40	0.44
2.40	0.43	0.46
2.50	0.46	0.47
2.60	0.48	0.48
2.70	0.51	0.50
2.80	0.53	0.51
2.90	0.55	0.52
3.00	0.58	0.53
3.10	0.60	0.54
3.20	0.62	0.55
3.30	0.64	0.56
3.40	0.66	0.57
3.50	0.68	0.58
3.60	0.70	0.58
3.70	0.71	0.59
3.80	0.73	0.60
3.90	0.75	0.61
4.00	0.76	0.62
4.10	0.78	0.62
4.20	0.79	0.63
4.30	0.80	0.64
4.40	0.81	0.64
4.50	0.83	0.65
4.60	0.84	0.65
4.70	0.85	0.66
4.80	0.86	0.67
4.90	0.87	0.67
5.00	0.88	0.68
5.10	0.88	0.68
5.20	0.89	0.69
5.30	0.90	0.69
5.40	0.91	0.69
5.50	0.91	0.70
5.60	0.92	0.70
5.70	0.92	0.71
5.80	0.93	0.71
5.90	0.93	0.72
6.00	0.94	0.72
6.10	0.94	0.72
6.20	0.95	0.73
6.30	0.95	0.73
6.40	0.95	0.73
6.50	0.96	0.74
6.60	0.96	0.74
6.70	0.96	0.74
6.80	0.97	0.75
6.90	0.97	0.75
7.00	0.97	0.75
7.10	0.97	0.76
7.20	0.97	0.76
7.30	0.98	0.76
7.40	0.98	0.77
7.50	0.98	0.77
7.60	0.98	0.77
7.70	0.98	0.77
7.80	0.98	0.78
7.90	0.99	0.78
8.00	0.99	0.78
8.10	0.99	0.78
8.20	0.99	0.79
8.30	0.99	0.79
8.40	0.99	0.79
8.50	0.99	0.79
8.60	0.99	0.79
8.70	0.99	0.80
8.80	0.99	0.80
8.90	0.99	0.80
9.00	0.99	0.80
9.10	0.99	0.80
9.20	0.99	0.81
9.30	1.00	0.81
9.40	1.00	0.81
9.50	1.00	0.81
9.60	1.00	0.81
9.70	1.00	0.81
9.80	1.00	0.82
9.90	1.00	0.82
10.00	1.00	0.82
10.10	1.00	0.82
10.20	1.00	0.82
10.30	1.00	0.82
10.40	1.00	0.83
10.50	1.00	0.83
10.60	1.00	0.83
10.70	1.00	0.83
10.80	1.00	0.83
10.90	1.00	0.83
11.00	1.00	0.83
11.10	1.00	0.84
11.20	1.00	0.84
11.30	1.00	0.84
11.40	1.00	0.84
11.50	1.00	0.84
11.60	1.00	0.84
11.70	1.00	0.84
11.80	1.00	0.84
11.90	1.00	0.85
12.00	1.00	0.85
12.10	1.00	0.85
12.20	1.00	0.85
12.30	1.00	0.85
12.40	1.00	0.85
12.50	1.00	0.85
12.60	1.00	0.85
12.70	1.00	0.85
12.80	1.00	0.86
12.90	1.00	0.86
13.00	1.00	0.86
13.10	1.00	0.86
13.20	1.00	0.86
13.30	1.00	0.86
13.40	1.00	0.86
13.50	1.00	0.86
13.60	1.00	0.86
13.70	1.00	0.86
13.80	1.00	0.87
13.90	1.00	0.87
14.00	1.00	0.87
14.10	1.00	0.87
14.20	1.00	0.87
14.30	1.00	0.87
14.40	1.00	0.87
14.50	1.00	0.87
14.60	1.00	0.87
14.70	1.00	0.87
14.80	1.00	0.87
14.90	1.00	0.87
15.00	1.00	0.88
15.10	1.00	0.88
15.20	1.00	0.88
15.30	1.00	0.88
15.40	1.00	0.88
15.50	1.00	0.88
15.60	1.00	0.88
15.70	1.00	0.88
15.80	1.00	0.88
15.90	1.00	0.88
16.00	1.00	0.88
16.10	1.00	0.88
16.20	1.00	0.88
16.30	1.00	0.88
16.40	1.00	0.89
16.50	1.00	0.89
16.60	1.00	0.89
16.70	1.00	0.89
16.80	1.00	0.89
16.90	1.00	0.89
17.00	1.00	0.89
17.10	1.00	0.89
17.20	1.00	0.89
17.30	1.00	0.89
17.40	1.00	0.89
17.50	1.00	0.89
17.60	1.00	0.89
17.70	1.00	0.89
17.80	1.00	0.89
17.90	1.00	0.89
18.00	1.00	0.90
18.10	1.00	0.90
18.20	1.00	0.90
18.30	1.00	0.90
18.40	1.00	0.90
18.50	1.00	0.90
18.60	1.00	0.90
18.70	1.00	0.90
18.80	1.00	0.90
18.90	1.00	0.90
19.00	1.00	0.90
19.10	1.00	0.90
19.20	1.00	0.90
19.30	1.00	0.90
19.40	1.00	0.90
19.50	1.00	0.90
19.60	1.00	0.90
19.70	1.00	0.90
19.80	1.00	0.90
19.90	1.00	0.90
20.00	1.00	0.90
20.10	1.00	0.91
20.20	1.00	0.91
20.30	1.00	0.91
20.40	1.00	0.91
20.50	1.00	0.91
20.60	1.00	0.91
20.70	1.00	0.91
20.80	1.00	0.91
20.90	1.00	0.91
21.00	1.00	0.91
21.10	1.00	0.91
21.20	1.00	0.91
21.30	1.00	0.91
21.40	1.00	0.91
21.50	1.00	0.91
21.60	1.00	0.91
21.70	1.00	0.91
21.80	1.00	0.91
21.90	1.00	0.91
22.00	1.00	0.91
22.10	1.00	0.91
22.20	1.00	0.91
22.30	1.00	0.91
22.40	1.00	0.91
22.50	1.00	0.92
22.60	1.00	0.92
22.70	1.00	0.92
22.80	1.00	0.92
22.90	1.00	0.92
23.00	1.00	0.92
23.10	1.00	0.92
23.20	1.00	0.92
23.30	1.00	0.92
23.40	1.00	0.92
23.50	1.00	0.92
23.60	1.00	0.92
23.70	1.00	0.92
23.80	1.00	0.92
23.90	1.00	0.92
24.00	1.00	0.92
24.10	1.00	0.92
24.20	1.00	0.92
24.30	1.00	0.92
24.40	1.00	0.92
24.50	1.00	0.92
24.60	1.00	0.92
24.70	1.00	0.92
24.80	1.00	0.92
24.90	1.00	0.92
25.00	1.00	0.92
25.10	1.00	0.92
25.20	1.00	0.92
25.30	1.00	0.92
25.40	1.00	0.92
25.50	1.00	0.92
25.60	1.00	0.92
25.70	1.00	0.93
25.80	1.00	0.93
25.90	1.00	0.93
26.00	1.00	0.93
26.10	1.00	0.93
26.20	1.00	0.93
26.30	1.00	0.93
26.40	1.00	0.93
26.50	1.00	0.93
26.60	1.00	0.93
26.70	1.00	0.93
26.80	1.00	0.93
26.90	1.00	0.93
27.00	1.00	0.93
27.10	1.00	0.93
27.20	1.00	0.93
27.30	1.00	0.93
27.40	1.00	0.93
27.50	1.00	0.93
27.60	1.00	0.93
27.70	1.00	0.93
27.80	1.00	0.93
27.90	1.00	0.93
28.00	1.00	0.93
28.10	1.00	0.93
28.20	1.00	0.93
28.30	1.00	0.93
28.40	1.00	0.93
28.50	1.00	0.93
28.60	1.00	0.93
28.70	1.00	0.93
28.80	1.00	0.93
28.90	1.00	0.93
29.00	1.00	0.93
29.10	1.00	0.93
29.20	1.00	0.93
29.30	1.00	0.93
29.40	1.00	0.93
29.50	1.00	0.93
29.60	1.00	0.93
29.70	1.00	0.93
29.80	1.00	0.94
29.90	1.00	0.94
