22.4	30.4	26.2	26.7	26	80	77
19.2	26.8	21.1	21.2	4	88	90
18.7	26.8	23	23.5	0	77	75
18.9	29.8	25.6	26.5	0	63	58
16.4	32.6	26.3	28.2	0	60	49
18.7	34	27.8	29.2	0	58	51
18.7	33.8	27.5	27.9	0	59	55
19.3	27.4	22.9	22.6	11	80	78
18.6	23.6	21.4	22	0	81	81
18.4	32.1	26.4	28.1	0	64	59
18.8	33.1	27.7	29.5	0	68	64
22	32.6	28.8	30	32	72	67
21.6	29.4	25.4	26.1	0	81	78
21.6	33	28.2	29.4	0	72	71
21.5	33.2	25.5	24.8	4	80	81
20.1	31.3	26.6	28.2	0	68	62
19.4	34.6	28.5	30	0	68	64
17.2	28.2	21.2	21.6	45	89	89
19	28.8	23.9	24.5	0	65	62
16.7	30.4	25.3	26.8	0	63	55
18.4	31.9	26.3	27.8	0	60	54
18.6	33.4	27.5	29.4	0	61	57
19.7	34.9	28.5	29.6	0	58	54
21.2	37.2	29.7	30.7	0	57	53
20.8	37.5	29.9	30.3	0	60	57
22.6	31.2	26.9	27	0	67	66
21	35	29.3	30.6	0	62	61
22.4	32.9	28.6	28.9	0	61	57
22.9	34.2	29.2	29.8	0	65	61
23.4	36.6	30.9	31.7	0	63	61
23.6	37.4	30.4	32	7	61	55
22	31.9	27	28	31	74	70
21.1	29.1	25	25	0	83	82
22.6	35	29	28.5	25	72	69
21.4	33.2	28.8	30.2	5	72	68
22.8	33.6	28.6	30	0	78	78
21.1	29.8	24.9	25.6	10	89	91
19.6	26	23.5	23.9	3	81	78
21.2	28.2	25.1	26.2	18	82	82
22.5	25.7	23.1	23	13	94	95
20.8	29	25.5	26.2	0	83	82
22.1	34.4	28.7	28.7	7	74	72
22.3	33.5	28.2	29.1	0	65	64
18.3	33.5	27.6	29.2	5	64	61
20.8	27.5	22.6	22.5	0.6	86	89
18.4	31.3	26.4	27.4	0	66	65
18.8	33.2	27.4	28.4	0	69	65
19.3	32.5	27.5	28.6	0	64	59
21.1	33.8	28.4	29.6	0	68	67
23.2	36	30.2	30.7	0	63	62
22.8	35.6	29.8	31.1	0	70	65
24.2	31.6	28.5	28.7	0	73	69
21.6	27.3	23.5	23.3	0.6	82	82
19	27.5	23.8	24.5	0	71	68
20	27.8	24.3	24.4	0	72	71
20.8	28	23.9	23.9	0	68	66
18.9	30.1	24.6	25.3	0	68	66
19.6	29.9	25.3	26.3	0	67	65
19.8	30.8	26.2	27.1	0	69	65
21.4	33.6	28.6	30.2	0	66	60
23.2	35.5	30.1	31	0	69	63
23.2	36.6	31.4	32.3	0	63	60
21.1	36	27.2	26.1	3	72	74
20.7	30.5	25.4	25.6	0	71	73
22.6	30	26.4	26.5	0	72	71
22	34	28.5	29.7	0.3	69	65
23.1	28.8	25.2	24.8	64	86	86
19.2	24.1	21	20.8	7	92	95
19.2	24	21.1	20.7	2	87	89
17.9	27	23	23.5	0	77	74
17.8	30.7	24.5	25.3	0	75	75
18.8	32.3	26.9	28.2	0	66	62
18.8	34.4	27.6	29.2	0	65	57
19.4	34.4	28.2	29.5	0	65	62
20	33.5	27.2	28.1	0	69	63
22.2	31.6	25.9	25.5	0.8	74	71
20	27.9	22.8	22.9	3	84	88
20.2	29.4	25.3	26.3	3	75	76
20.8	27.9	24.3	24.2	0	82	84
19.7	30.5	25.8	27	0	75	73
21.5	32	27	27.5	0.4	72	71
21	31.9	26.1	25.8	19	72	70
19.9	27	23.6	24.1	4	82	81
21	29.4	24.6	23.9	28	83	89
18.3	23.1	20	19.8	0.9	91	93
17.7	30.4	25	25.4	0	75	72
18.3	31.6	25.8	26.8	0	73	72
19	32.6	27.4	28.6	0	71	68
21.9	33.7	28.8	30.2	0	74	69
21.9	34.3	29.2	29.8	18	72	72
20.5	28.5	24.3	24.2	0	79	79
20.8	29.4	25.1	25.3	0	82	80
21.7	33.5	27.5	27.8	0	75	75
21.3	32.7	28.1	28.8	21	74	73
19.5	26.8	23.3	23.5	0	79	79
19.8	27.6	23.9	24	0	83	84
20.8	26.1	23.6	23.4	6	91	93
21.4	25.2	23.3	23.3	0.2	88	91
19.9	28.4	23.9	23.8	0	82	86
19	29.8	24.8	25.2	0	74	70
18.4	30.2	25.2	26.3	0	71	70
19.4	30.9	25.4	26.1	0	74	74
20.2	30	25.7	26.1	0	72	70
19.9	32.2	26.7	27.3	0	70	65
20	31.6	26.4	27.5	0	72	66
19.3	32.2	26.2	26.1	0	73	77
19.1	33	26.9	27.4	0	65	66
18.4	31.8	26.1	26.7	0	72	72
20.8	31	25.9	26.7	2	69	63
15.2	22.8	16.2	16	4	93	94
14.9	19.3	17.1	17.4	0.9	90	91
14.3	25.8	20.4	20	0	82	84
15.8	28.6	23.1	24	0	74	73
18.4	27.7	23.5	23.6	0.5	79	82
20.6	23.5	21.5	21.1	7	88	91
18.5	21.4	19.5	19.2	4	89	89
18.1	23.7	20.4	20.3	0.1	86	89
18.8	27.6	23	22.6	0	80	85
18.8	30.6	24.6	25.2	3	76	77
19.7	27.4	23.5	23.1	0	79	84
20.4	28.1	23.9	24	0	78	80
20.3	28.4	24.4	25.2	0	70	66
15.7	28.6	22.7	23.4	0	75	77
14.7	29.2	23.1	24	0	74	74
19	26.2	22	22	0	65	65
15.8	24	20.5	21.4	0.1	76	74
16.4	23.8	20.7	21.2	0	83	84
17	27	23.3	23.5	0	74	72
18	25.2	22	22.2	0	84	84
17.8	28.4	23.3	23.5	0	76	79
17.2	29.4	23.9	24.7	0	77	74
18.9	31.3	25.3	25.4	0	72	73
18.1	23.4	20.2	20	2	78	78
13.6	19	15.8	15.8	3	84	86
10.7	17.3	15	15.7	0	76	73
14.3	20.8	18.3	19	0	73	71
12	25	19.5	20.3	0	76	76
16.2	23.9	20.4	20.3	0	79	79
15	25.4	20.9	21.2	0	73	72
14.8	29	22.8	23.6	0	73	73
16.8	29.6	24	24.4	0	76	75
17.7	30.1	24.7	25.3	0	74	71
18	29.4	23.9	24	0	78	80
17.3	27.5	22.6	21.7	0.8	86	91
19.8	27.4	22.7	22.2	0.8	87	90
17.4	25.5	21.7	21.4	18	83	82
12	19.4	13.9	13.6	11	97	96
10.3	12	11.3	11.4	4	91	93
8.6	11.3	10	10.2	0.6	89	90
10	12.9	11.6	12	0	83	81
6.1	21.8	13.4	13.3	0	75	79
6.3	22.1	15.1	15.2	0	69	72
8.2	26	14	13.6	0	77	81
6.6	21	14	14	0	78	83
7	22	14.7	15.1	0	79	86
7.4	23	16.7	17.1	0	72	77
9.1	21.1	15.3	15.5	0	78	81
11.2	20.6	16.6	17.4	0	75	73
13.4	23.7	18.8	18.4	0	71	71
13.3	17.8	16	16.1	0	69	68
7.8	24.2	16.4	16.3	0	73	79
12.2	20.9	17.1	17.5	0	64	62
8.5	22.8	16	16.4	0	71	73
4.6	22.6	15.4	16	0	69	72
7	20.6	14.3	14.5	0	76	81
7.2	25.2	18	19.5	0	69	67
13.4	22.5	17.7	17.7	0	63	58
6.8	22	14.4	13.9	0	75	83
7.3	24.6	17	17.9	0	75	79
10.6	27.8	20.2	21.1	0	74	73
13.1	28.6	21.5	22.9	0	74	73
15.3	21	17.1	17.2	0	74	72
13.6	17.5	15.2	15.2	0	62	59
11.4	15.2	13.5	13.5	0	74	71
8.5	18	14.4	15.4	0	54	47
10.2	17.4	14.4	14.5	0	62	61
10.1	21.7	15.7	15.5	0	64	66
6.4	22.4	15.5	16.4	0	66	67
5.8	26.4	16.9	17.9	0	65	66
10.5	25	18.9	20.3	0	63	57
8.6	24	17	17.2	0	64	66
6.6	25.2	17.1	17.5	0	69	68
6.3	22.7	16.2	16.4	0	67	65
12.4	24.6	19.6	18.9	0	66	62
14.6	26.7	21	21.5	0	67	71
11.2	28.5	20.8	21.5	0	71	67
14.4	29.7	22.4	22.3	0	70	70
13.7	29.8	22.7	22.7	0	67	67
15.5	21.1	18	18.1	0	62	57
11.1	19.1	15.7	16.5	0	56	50
8.9	20.8	14.4	14.4	0	73	74
5.7	20.5	13.7	14.8	0	54	51
2.8	22.7	13.3	14.5	0	62	63
6.4	24.2	15.6	15.9	0	55	49
5.8	19.6	13.3	14.2	0	53	52
4.8	19.2	13	14.1	0	63	62
5.6	22.4	14.6	15.3	0	66	63
6.1	22.4	14.9	15.5	0	68	68
12.5	18.7	16.1	16.9	0	70	70
13.7	18.1	16.4	16.7	0	76	77
14.3	20	16.8	16.8	0	78	79
11.6	20.9	17	17.2	0	74	77
9.2	18	14.4	14.8	0	79	76
5.6	14	8	8.2	0	62	58
-1.1	15.2	7.9	9	0	62	65
-0.2	18.3	10.1	10.6	0	59	60
1.8	19.7	11.5	12.1	0	58	56
5.2	21.3	13.3	13.1	0	60	61
2.1	22	13.9	15.2	0	58	58
6.8	22.8	16.1	17.5	0	48	39
6.7	20.1	14.2	14.4	0	59	54
5.2	20.1	13.7	14.5	0	64	65
7.3	21	15	15.9	0	66	67
4.8	22.6	15.5	16.7	0	55	50
5	24.7	16	17.6	0	55	48
6.6	27.6	18.1	18.9	0	56	52
10.2	30.7	21.9	22.4	0	58	56
15.7	22.2	19.8	19.5	0	57	60
15	22.4	18.8	19	0	64	68
14	18.5	16.2	16.1	0	45	45
5.2	22.1	15	15.8	0	55	50
5.2	25.9	17.1	18	0	49	46
4.9	25.8	16.7	16.9	0	51	44
4.8	28.5	18.6	19.5	0	50	49
8.8	31	21.8	23.5	0	48	40
9.6	31.5	22.1	23.3	0	52	46
12.9	33.2	24.3	25.9	0	59	52
14.6	28.2	22.7	23.9	0	47	34
14.8	23.4	18.6	18	0	35	33
6	23.1	15.8	17.1	0	48	46
6.7	25.1	16.8	17.9	0	51	48
9.9	20.7	16	16.1	0	52	48
7.3	22.5	16.8	17.6	0	49	44
5	25.4	17.1	18.4	0	51	45
8.1	28.2	19.7	22.1	0	49	42
8.6	30.1	21	22.2	0	51	46
10.2	31	22.3	23.4	0	54	50
13.8	33.4	25.2	26.4	0	53	46
14.1	34.8	26	26.4	0	52	48
13.8	37	27.9	31.9	0	47	40
13.1	37	27.3	29.1	0	48	43
16.1	35.5	27.4	28.6	0	50	45
17.5	36.5	28.3	29.1	0	49	44
19	33	27.4	28.5	0	45	36
17.5	27.3	23.3	24.2	0	58	55
18.1	26.6	23	23.2	0	59	56
18.9	22.9	20.6	20.5	0	65	67
17.2	27	21.5	20.8	0	65	67
12.6	32.6	24.3	26.2	0	60	54
15	40	27.8	27.7	0	46	40
14.4	22.6	15.7	15.7	0	35	34
11	17.6	14.6	14.5	0	43	38
10.4	20.8	16.1	17	0	38	32
11	23	17.9	18.9	0	39	29
7	25.4	18.3	20	0	38	34
7.5	29.2	20.4	22.4	0	43	37
8.6	32.4	22.8	24.8	0	44	38
14.4	33.5	25.4	25.9	0	48	44
17.2	34.8	27.2	28.5	0	47	45
18.4	26.5	21.1	21	0	60	59
16.8	29.5	23.5	23.3	0	50	51
14.9	27	21.8	22.8	0	50	48
17.6	30.6	25.1	26.5	0	38	33
11.1	33	24.7	27.1	0	40	34
12.6	31.6	23.4	23.1	0	42	33
14.5	23.4	18.8	19.4	0	42	41
11.8	25.2	18.7	18.8	0	36	36
8	28.9	20.7	22.7	0	44	40
12.5	33.4	25.2	27.4	0	42	38
16.8	28.8	23.3	23.6	0	45	46
12.8	16.8	13.3	13.2	0	50	50
10.6	18.5	15.5	16.3	0	50	45
10.6	19.1	15.4	15.5	0	43	36
5.6	24.2	17.6	20	0	42	40
8.4	28.9	21.5	24.5	0	40	35
10.5	33.2	24.3	26.5	0	45	38
14.9	37.5	28.5	30.2	0	42	37
18.1	40.5	31.7	33.4	0	42	35
22.2	33	27.8	27.5	0	45	40
18.7	24.9	21.4	21	0	55	51
18	27.5	22.9	23.7	0	54	53
20.4	32.5	27.2	28.3	0	50	45
18.4	38.3	30.6	32	0	44	37
19.3	32.4	27.5	29.3	0	43	37
17.5	30.6	25.7	27.1	0	35	31
11.5	34.6	25.7	27.9	0	40	34
14.6	37	28.3	30.1	0	39	31
17.8	28.5	23.9	24.5	0	44	42
18.5	29.9	25.4	26.7	0	43	42
20.8	31	26.9	28	0	49	50
22.2	32.5	27.5	27.7	0	53	52
22.5	35.6	30.7	31.8	0.2	45	40
21.7	37	30.6	31.5	0	44	36
21.1	38	29.6	29.6	17	55	57
20	28	24.1	24.7	0	72	68
20.7	36	29.6	31.2	0	60	56
21.4	30.4	23.3	23	0	41	32
15.2	29.6	24	24.5	0	37	29
15.5	33.7	27	29.5	0	38	31
22.2	33.8	29.1	29.7	0	46	40
20	37.7	31.3	32.7	0	44	41
21.6	41.4	34.2	36.6	0	38	32
20.9	43.2	35	37.8	0	33	24
22.5	44.1	36	38.7	0	31	24
23.2	43.7	35.3	36.8	0	32	31
22.8	43.6	36.3	39.1	0	34	26
26	38.6	30.8	31.4	0	40	37
19.8	35.7	29.2	30	0	36	32
24.7	38	33.1	34.5	18	42	38
23.1	35.1	29.9	31.1	0.2	66	64
21.9	30.4	24.3	24.1	0.4	69	68
19	27.3	23.6	24.6	0	55	53
21.4	34	28.6	30.3	0	56	51
23	36	29	28.6	2	55	54
19	23.6	21.4	21.7	0.3	85	85
20.1	26.8	23.6	24.3	0.1	82	78
20	34.8	29.4	31.1	0	63	58
24.3	41.4	34.4	35	38	50	45
21.2	32	26.7	27.3	111	78	76
21.6	28.8	24.8	24.9	3	87	90
22.5	34.2	29.2	30.4	0	71	65
23.5	37.6	32.3	33.7	0	63	59
22.6	39.5	30.5	30.2	79	69	64
21.1	29	25.3	25.7	0	70	69
23.4	32.8	29	29.8	0	66	67
24.5	37.2	32.1	33.1	0	65	62
26	40.4	34.2	34.8	0.4	63	62
24.9	35.1	30.7	31.6	0	66	62
25.1	39.6	33.3	34.7	11	63	59
23.4	32.7	27.5	27.9	2	79	79
24.2	32.2	28.6	29.1	0	74	72
24.6	35.6	31.3	32.2	0	70	68
24.2	36.2	31.5	32.3	37	68	68
19	31.9	21.9	21.6	24	85	89
20.4	29.5	26.2	27.3	0	73	69
24.3	35.2	30.6	31.4	7	67	63
22	30.2	23.8	23.9	1	84	81
20.3	26.5	22.5	21.9	5	87	92
21	28.4	25.3	26.4	0	81	80
18.6	26.4	22.1	23.3	2	88	90
17.3	22.7	20.1	20	4	86	85
19.4	23.8	21.7	22	1	86	84
20.3	24.6	22.8	23	34	90	90
20.5	25.5	23.1	23.2	0.4	90	89
20.8	29.9	24.3	24.2	3	81	76
20.4	30.1	25.9	27.3	0	65	61
20.2	31.1	27.1	28.1	0	57	52
18	31.5	26	26.9	0	65	59
22.2	32.6	27.9	28.7	0	70	68
23.4	34	29.5	30.1	1	69	66
23.5	34.4	29.7	30	40	69	65
21.3	30	25.9	26.7	89	82	83
21.8	32.5	27.7	28.4	0	79	80
22.1	28.3	24.5	23.9	2	87	91
21.2	28.2	24.7	25.5	12	83	83
22	30.9	27.1	28	0	78	75
23.9	33.8	29.6	30	0	75	73
25	35.2	30.9	31.7	48	71	65
21.8	30.4	26.5	27.2	0	82	79
24.1	34	29.9	30.7	3	73	69
23.8	32.5	27.4	27.8	0.3	80	80
23.6	36.4	30.9	32	0	70	67
24.7	32	27.4	27.3	5	84	84
21.4	32.6	27.3	27.6	68	72	69
21.2	30	25.5	25.6	13	81	82
22.8	33	28.6	30.3	5	72	65
22.2	28.4	24.9	24.8	16	86	89
21.4	31.5	27.4	28.9	0	76	69
23.4	32.1	28.6	29.7	0	79	77
23.8	34.8	29.9	30.7	0	74	71
20.8	32.9	25.5	24.2	19	85	91
19.6	27	23.6	23.7	0	76	74
19.7	27.1	24.7	25.8	0.7	77	75
21	31.7	26.5	27.1	0.2	82	83
22.8	33	29.2	30	17	75	71
21.8	33.5	29.4	30.9	0	72	67
19.6	32	25.2	25.1	5	80	78
17.5	24.5	20.9	21.1	0	62	57
19.1	28.4	23.9	24.3	0	63	57
19.4	28.2	24.4	24.5	0	64	67
19.1	32.8	27.6	29.3	0	63	56
22.7	36	30.7	31.5	0	62	55
24.6	35.8	31.3	32.6	0	66	58
22	31.4	26.1	26.4	0	71	69
19.3	34	27.3	28.1	6	70	70
20.7	33.8	28.9	29.5	0	62	57
21.5	34.3	28.8	29.3	0	63	55
20.5	34.2	28.8	29.6	0	59	49
22	34.3	29	29.4	0.6	61	60
21.7	31.6	27.6	28.2	0	71	67
22.2	32.8	27.2	28.1	0.2	68	65
20.2	37.5	30.3	32	0	55	52
20.8	36.8	30.1	30.9	0	56	53
20	38.6	31.6	33.3	0	53	50
22.1	39.4	32.5	33.9	0	54	51
21.5	37.4	32	32.4	0	60	59
25.4	31.3	27.2	27	3	81	83
22.5	33.6	28.9	30.3	0	75	72
22.8	35.2	30.6	32	0	69	64
23.8	36.6	30.6	30.6	5	68	66
23.5	30.5	27.6	28.2	0	80	80
22.1	33.7	29.3	30.3	0	70	62
24.5	38.2	32.6	33.3	0	64	62
23	37.7	29.3	27	62	75	79
22.3	33.1	28.5	29	0	76	74
22.2	34.2	29.2	29.3	74	76	72
21	32.5	27.4	28.2	0	72	68
21	34.3	29.3	30.5	0	70	66
23.3	37	31.3	32.6	0	63	59
21.4	34.5	29	28.7	16	77	79
22.9	28.3	25.7	26.4	31	86	85
20.9	26.1	23	23.2	0.3	88	87
20.7	30.8	25.9	26.3	0	79	77
23.6	33.3	28.6	29.8	0	76	71
23.8	32.7	29.3	30.5	0	77	73
23.9	34.6	30.3	30.4	7	74	70
22.4	31.7	28.1	29.1	0	79	76
22.9	34.7	30.8	31.7	0	75	69
22.9	34.5	28	26.9	66	81	83
22	27	24.2	24.1	12	90	92
15.4	23.6	19.8	20.6	1	81	82
16	24.7	21.2	21.9	4	80	79
18.2	26.2	22.5	22.8	0.1	79	78
16	27.4	22.6	22.5	0	75	78
19.7	29.8	25.7	26.7	0	73	73
22.2	30.8	27.1	28.1	0	76	72
22	33.5	28.9	30	11	70	71
20.5	26	23.3	23.8	0	87	86
21.6	30.5	26.6	28	0	78	73
21.8	33.9	27.7	28.4	0	77	78
22.7	33.8	29.2	30.8	0	73	68
22.3	34	29.8	30.5	0	68	62
25	33.5	29.7	30	1	68	66
23.6	30.8	27.6	28.3	0	73	70
22.3	28.6	26	26.4	3	77	80
22.2	29.4	26.4	26.7	1	84	89
23.2	29.3	25.6	25	0.1	84	85
21.4	33	28.2	28.9	0	75	73
24.5	31.4	27.4	27.2	36	84	83
21.1	28.2	24.9	25	1	86	85
23	31.2	28	28.8	0	80	77
23.8	33.2	28.5	28.9	0	81	78
24.3	34	29.7	30.2	1	75	75
23.6	28.8	26.2	26.3	0.6	86	85
22.8	30.8	27.4	28.4	0	81	79
22.4	28.6	26	26.3	0	79	78
19.1	24.6	22.1	22.2	0	81	79
19.8	29.8	25.8	26.5	0	73	66
19.5	30.2	25.3	25.4	0	73	69
21	28.9	25.5	25.8	0	71	70
20.8	31	26.7	27.5	2	70	65
20.5	30	25.2	25.5	0	80	80
20.1	31.8	26.5	27	0.9	75	74
18	31	25.8	26.1	0	71	69
19.2	32.5	26.8	27.9	0	72	68
19.8	33.3	27.6	28.7	0	72	69
22	34.3	28.9	29.7	0	70	67
18.1	27.9	20.2	20.4	10	87	89
16.8	20.6	19.1	19.2	3	80	78
15.3	21.7	18.3	18.6	0.2	79	77
15.7	22.7	19	18.5	0	74	75
16.1	25	20.9	21.6	0	76	73
17.2	25.6	20.9	19.9	0	72	72
17.9	25.2	21.2	20.4	0	76	74
19	24.9	21.9	22.1	0	77	78
18.8	25.8	22.9	23.2	0	77	76
19.9	30.2	25.1	25	0	69	71
17.3	30.9	24.9	25.5	0	71	73
16	23.4	17.3	17.1	0	76	75
14.5	22	18.5	19.2	0	67	64
15.8	23.6	19.8	20.4	0	72	73
14.7	27.3	22.4	24.1	0	75	73
19.4	29.4	24.7	25.3	0	76	73
18	30.6	25.9	27.2	0	78	77
23	32.4	27.7	28.2	0	78	76
23.1	28.5	25.8	26.2	4	83	82
16.3	23.5	19.2	19.3	12	96	96
14.4	18.8	15.3	15.1	0.3	86	87
13.8	18.5	16.7	16.9	0.7	81	82
14.6	18.7	17.1	17.5	0.4	89	90
16.1	24	19.4	19.3	0	77	75
13	23.2	18.9	20.1	0	79	78
17.6	21.4	19.5	19.8	0.1	87	88
17.8	22.6	20.1	19.8	0	83	83
17.3	24.8	21.3	22.3	0	76	79
17.6	26.8	22.5	22.6	0	73	70
19.4	27	23.4	23.8	5	72	71
18.8	28.5	23.3	23.6	0	72	72
14.2	27.7	21.6	22	0	76	78
18	28.2	23.2	22.9	0	73	75
15.8	30.8	23.7	24.3	3	72	74
11.9	25	13	13.1	4	91	93
9.8	15	12.6	13	0.6	90	91
12.4	20	16.1	16.4	0	81	80
10.8	22	16.2	16.3	0	73	74
10.3	21.5	16.2	16.6	0	67	61
11	22	16.9	17.2	0	68	67
8.9	22.4	16.2	16.8	0	70	74
8.8	23.1	16.5	16.6	0	74	79
9.4	26.1	19.2	21.2	0.8	64	57
10.5	20	11.6	11.5	8	93	94
8.8	14.7	11.8	11.9	0	86	88
6.6	21	13.8	12.6	0	79	89
5.8	26.2	15.9	16.3	0	75	79
9.5	23.6	17	17.7	0	74	78
13.5	19.1	16	15.9	0.5	83	86
13.7	17.2	15.8	16.1	0	88	89
14.7	22	18.2	18	0	82	81
14.8	20.6	17.3	17	0	60	56
12	21.7	17.8	18.7	0	71	71
15.5	21.7	18.3	18.3	0.8	75	73
15.3	18.1	16.6	16.7	0.1	91	91
14	18.2	16.1	15.8	0.5	89	90
14.6	17.7	16.4	16.8	3	93	94
14	19	16.4	15.6	0	85	91
8.3	21.5	15.5	16.2	0	72	74
9.1	19.2	14	12.8	0	68	68
8.5	21	15.9	16.1	0	67	75
9.8	22.8	16.2	15.2	0	71	72
8.6	21.9	16.6	16.9	0	73	75
8.2	22.1	16.2	16.4	0	75	78
7.3	23	15.8	16	0	74	77
6.9	23.8	16.1	16.1	0	73	77
10.4	23	17.6	17.4	0	74	76
14.3	18	16.3	16.4	0	71	70
12.9	17.5	15	15.2	0	79	78
13.6	17.1	15.3	15.5	0	81	81
13.6	22.7	18	17.9	0	76	77
11.6	21.3	17.3	17.8	0	82	79
11.9	24.6	18.4	18.3	0	82	89
13.2	25.9	19.5	18.9	0	83	88
16.4	26.1	21.7	21.4	2	75	72
16.4	21.7	18.7	18.9	0.4	90	90
16.6	20	18.7	18.9	0.1	92	92
15.8	18.6	17.4	17.5	0	86	84
14.4	17.9	16.1	16.4	0.2	81	81
14.1	17.4	15.9	16.1	0	82	81
14	18.4	16.2	16.3	0	73	68
13.4	19.8	16.6	17.2	0	79	77
10.9	25.6	18.2	18.8	0	74	74
15	18	16.5	16.8	0	62	60
12.4	16.1	14.3	14.4	0	72	73
9.8	16.1	14.2	14	0	76	82
11.5	17.9	15	15.1	0	67	64
4.2	19	12.1	11.7	0	73	77
4	26.2	16.1	16.8	0	66	66
7.4	26	17.6	17.9	0	67	66
8.8	28.3	19.5	20.3	0	65	66
11.1	28.2	20.7	21.1	0	67	67
13.4	28.5	21.8	22.1	0	71	67
14	29.5	22.3	23.5	0	75	74
17.4	28.3	23.2	24	0	74	73
15.4	27.5	21.3	21.3	0	69	63
10.4	23.5	18.1	18.9	0	65	60
10.2	24.3	18.1	18.8	0	69	68
13	21.6	17.8	18.2	0	60	56
9.2	25.2	17.8	17.9	0	70	71
9.3	17.1	11.7	11.8	0	44	38
2.1	17.7	11.3	11.7	0	58	60
0.2	18.3	12	13.9	0	50	44
5.2	16.6	12.1	13.1	0.3	49	41
6.8	12.5	7.8	7.8	0.2	73	73
4.4	8	6.3	6.3	2	70	70
3.4	5.9	4.9	4.9	0	77	77
-0.6	17.7	9	9.9	0	60	58
-0.2	20.5	11.3	12.9	0	56	51
2	21	13.3	14.3	0	58	59
3	19.9	12.4	13.3	0	60	57
3.4	21.1	12.9	13.4	0	59	56
3.5	23.4	14.5	15.2	0	59	58
8.1	17.1	13.4	14.4	0	67	62
11.1	21.4	16.3	16.7	0	58	55
4.9	24	15.5	15.9	0	57	58
6.6	27.1	18	18.5	0	54	53
9.4	26.4	18.6	19.1	0	57	54
10	28.4	20.3	20.9	0	59	55
11.3	19.5	16.6	17.6	0	55	47
11.3	18.1	14.4	14.8	0	50	46
5.4	20	14	14.6	0	47	39
10.6	14.6	12.6	12.6	0	35	34
6.2	14.4	11	11.5	0	47	46
6.7	13.4	10	9.5	0	53	49
1.4	20.9	11.9	12.8	0	55	52
3.2	23.7	14.9	16.2	0	54	50
5.4	23.5	15.9	16.9	0	51	48
11.3	22.1	16.5	16.4	0	55	55
9.2	17.8	14.8	15.1	0	64	64
8.2	23.7	17	18.5	0	54	47
6.4	27.3	19.2	21.3	0	48	41
4.4	21.3	14.4	14.4	0	48	48
9.4	14	12	12.6	0	44	40
2.9	20.4	13.2	14.6	0	53	49
5	22.8	14.5	15.8	0	58	54
7.2	29.6	19.6	20.5	0	53	49
10.6	31.1	22.1	22.7	0	55	52
13	32	22.8	23.9	0	53	48
15.6	27.1	21.4	21	0	53	54
12	29.8	22	23	0	59	55
14.5	33.9	24.8	25.2	0	56	52
14.4	35.5	26	26.8	0	53	48
17.2	26.5	21.3	21.4	0	55	54
16.9	22	19.6	19.9	0	56	54
16.3	28.6	22.7	23.4	0	49	43
12	31.7	23.3	24.7	0	53	47
15	35	26.3	26.8	0	53	50
16.6	32	23.1	22.6	0	55	50
14.4	24.3	18.6	18.1	0	50	51
12.2	27.6	20.9	23.1	3	58	49
13.1	22.4	15.3	15.5	0.3	80	83
12	14.8	13.6	13.9	0	59	57
10.1	13.4	12.2	12.4	0	67	66
5	24.8	16.4	17.7	0	50	44
5.8	26	18.5	19.9	0	42	36
8	28.8	19.9	21.5	0	42	36
8.6	30.6	21.8	23.3	0	43	37
10.6	32.6	23.4	24.8	0	42	37
12.3	35.1	25.5	27	0	41	35
13.7	35.9	27.1	29.4	0	42	33
17	30.8	25.2	26.9	0	46	38
17	27.6	23.5	24.6	0	56	49
17.2	29.8	22.3	20.6	0	56	52
12.3	28	22	23.3	0	46	37
10.6	32	22.6	24.1	0	45	37
11.8	32.6	24.1	25.4	0	47	38
16.6	29.4	25.4	25.5	0	39	37
18.8	30.5	24.6	24.2	0	40	37
12.3	33.4	24.7	26.6	0	43	37
14.1	36.4	27.2	28.8	0	42	36
17.8	39.2	30.5	31.9	0	41	37
22	35.3	30	31.1	0	48	44
20	30.3	23.1	23.6	0	60	60
18.2	23.7	21.1	22.1	0	71	67
19.1	28.8	25.3	27	0	59	52
21.7	31.2	27	27.8	0	47	42
19.2	33.6	27.5	28	0	58	56
22.8	29.4	25.8	26	0	39	37
20.6	25	22.6	22.2	0	41	40
18.2	29	23.4	23.2	0	45	41
15.5	29.6	23.5	25.1	0	47	42
14.2	24.4	16.3	16.5	0	62	59
12	22.5	18.5	19.7	0	55	50
7.5	32.5	23.4	24.6	0	46	39
10.8	34.4	25.3	27	0	43	37
16.2	37	29.4	31.2	0	45	40
22	30.2	23.9	23.8	0	55	54
19	22.7	21.2	21.7	0	55	52
18.4	30.5	24.7	26.4	0	45	35
17.6	32	25.5	26.9	0	41	37
18.4	31.2	26.2	26.9	0	45	44
18.3	32.7	27	28.3	0.2	50	48
18.8	37.3	29.9	32	0	46	37
23.4	34.3	29.5	30	0	33	32
17.6	31.6	26.4	28.1	0.2	53	48
17.9	27.8	19.2	18.7	3	85	89
14	18	16	15.6	0.3	85	86
10.4	30.6	22	24.6	0	58	47
15.5	35.1	27.6	29.5	0	46	39
18.3	37.7	30.3	32.3	0	43	36
23.2	38	32.2	33.5	0	45	39
22	32	23.5	23.1	0	66	68
19	29.7	25.4	27	0	63	54
19.1	33.4	27.4	28.3	0	56	51
17.2	28	18.4	18.4	0	77	81
17.8	27.6	23.5	24.9	0	59	53
21	34.5	28.6	29.4	0	46	35
17.6	37.2	29.8	32.3	0	43	32
20.8	44.2	34.2	35.3	0	35	30
18.2	29.6	24.3	25	0	28	27
10.2	32.4	25.6	28	0	34	26
14.2	34.5	27.5	29.7	0	33	25
14.8	36.1	28.4	30.7	0	32	27
14.1	37.8	29.1	31	0	33	28
17.8	39	30.1	31.6	0	30	22
18.8	34	28.1	29.7	0	41	38
18	37.8	30.4	32.8	0	38	31
18	40.2	32.1	34.5	0	31	24
20.2	36.9	29.5	30.5	0	38	34
19.2	26	20	19.9	0	46	47
16.2	29.9	24.5	25.5	0	35	30
17.8	31.3	25.5	26.6	0	29	26
10.8	32.7	25.2	27.2	0	35	26
14.5	34.3	27.1	28.6	0	32	24
15.6	36.9	29.3	31.6	3	36	27
19.8	30.2	22.2	22.1	0.1	58	54
15	34.4	27.4	29.7	0	43	35
19	35	29.3	30.5	0	36	30
19.7	39.4	31.8	35	8	32	28
20	35	28.4	29.1	0	49	44
22.4	32.9	28.1	29.4	0	52	51
23.9	34.4	30.2	30.9	0	43	44
24	33.5	28.2	28.5	15	46	45
17.6	26.8	19.1	19	4	89	89
16.1	32.4	26.1	27.7	0	54	48
16.5	35.2	28	29.3	0	48	39
19	38.2	30.8	33.2	0	44	36
22.9	40.2	33.7	35.1	0	38	36
19.7	37.1	23.4	24	1	70	71
18	22.6	21	21.5	0	79	79
19.2	32.3	26.8	28.7	0	58	48
22.2	35.3	30	31.8	0	52	46
24.8	40.6	34.2	35.5	0	44	39
25.4	38.5	32.2	32.6	6	51	48
21.8	26	23.4	22.8	5	81	83
20.6	26.3	23.5	23	0.9	86	89
20	30.4	26.6	27.6	0	67	62
23	36.5	30.7	31.8	0	56	49
24.6	39	31.9	31.5	0	56	56
23.6	35	30.1	31.4	0	58	52
25.8	42	35.8	37.3	0	48	41
27.6	43	36.5	37.5	0	46	41
16.9	36.3	21.8	19.2	0.7	64	65
13.9	29	23	24.4	0	41	31
12.8	34.3	25.8	28	0	39	27
13.3	36.4	27.8	30.7	0	36	23
16.4	37.2	29.3	31.6	0	36	29
18.2	40.7	31.5	33.4	0	37	34
20.8	42.6	33.8	36.1	0	35	30
24.4	44.3	35.9	38.6	0	34	27
25.6	38.9	28.6	28.7	0	57	59
23.1	35	29.9	32.1	58	54	49
21	32	25.2	24.8	14	84	90
22	36.1	30.6	31.7	0	68	64
23.6	34.4	26.9	25.9	1	77	81
20.8	34.1	28.5	29.9	0	65	59
22.7	35.3	31	32.1	0	56	50
23.6	36.9	31	31	18	59	58
21.3	29.4	23	23.2	3	89	90
21.5	31.2	27.1	28	2	69	69
21.8	29	25	24	23	81	87
19.9	30	24.8	25.8	4	79	77
20.5	31.5	25.9	26.1	0	74	74
22.8	32.2	28	28.1	6	67	67
20.2	32.5	26.7	27.8	0	70	67
19.8	35.2	29.4	31.2	0	63	55
21.6	30.5	23	23	3	85	87
20	23.6	21.7	21.9	0.6	86	86
18.7	28.6	23.9	24.1	0	84	85
22.8	33.2	28.6	29.7	16	74	71
22.7	29.2	25	24.9	0.4	88	86
21	25	21.9	22	3	94	93
19	25.9	23	23.8	0	85	85
21.6	32.6	27.7	28.8	0	71	68
19.8	35.6	29.7	31.2	0	61	57
21.8	33	27.7	28.3	0	70	70
21	34.5	29.2	30.2	0	66	60
22.6	38.3	32.4	33.8	0	60	55
22.5	32	25.5	25.5	5	80	78
20.6	29.9	25.5	26.6	0.2	80	78
22	34.3	29.2	30.2	0	73	69
21.4	29.4	23.4	23.4	23	90	91
21	30.2	25.9	26.2	0	71	68
22	31	26.1	26.2	0.2	76	77
22	29.6	25.6	25.8	1	80	79
22.1	32.4	27.6	27.6	0.7	78	79
23.3	32.2	27.7	28.2	0	78	76
22.9	35.6	31	31.8	0	65	64
23.2	36.2	30.4	31.2	0	64	65
24.1	36.2	30.6	31	58	65	59
20.8	29.5	25.2	25.7	0	84	83
23	35.4	30	30.6	0	72	70
24.1	36.2	30.7	30.9	6	68	66
22.4	29.8	24.8	24.9	5	87	87
21.9	30.4	26.3	27.1	0	80	79
23.1	33.2	29	29.8	0	76	73
24.2	34.1	28.3	27.8	0	74	75
22.9	29.2	26.7	27.3	33	78	77
21.3	28	24.8	24.9	17	87	90
21.9	31.6	27.3	27.9	35	77	77
19.6	27.5	22.4	22.6	26	89	91
21	27.2	23.9	23.7	0	76	74
20.3	26.4	23.5	24	0.5	77	73
19.8	25.2	22.8	23.4	4	81	80
19.8	28.7	24.1	24.8	0	81	79
19.3	32.4	26.7	27.7	10	72	68
19.9	30.4	25.1	24.6	2	78	82
19.5	31.2	26.6	27.7	0	72	69
22.3	32.4	27.8	28.4	0	73	75
21.5	34	28.9	29.7	0	68	68
23.2	33	27.7	27.6	19	74	71
21	29.2	25.4	25.6	0	77	75
20	28.8	25.3	26.2	13	80	80
21.4	29.2	25.6	26.1	11	77	76
21.6	29.8	25.7	26.5	52	85	86
21.8	28.8	24.9	25	14	86	86
21	29	24.4	24.1	13	87	89
18.9	25.9	22.4	22.3	0.2	84	86
20.5	27.1	23.6	23.7	0	79	77
20.6	30.5	26	27	0	72	68
19.8	29.5	25.7	26.3	0	69	62
21.3	29.9	26	26.4	0	63	57
19	30.6	25.9	27.2	0	70	67
19.9	30	25.9	26.8	11	76	75
21.6	30.3	25.2	25.3	18	82	85
21	30.5	26.2	26.8	0	75	76
21.9	31.4	27.3	27.6	0	68	65
22.1	27	24.7	24.9	7	78	77
20.4	27.6	23.7	24.1	0.6	85	87
21	30.4	26.1	27.6	0	75	69
20.5	32.4	27	27.7	0	77	78
21.8	33.1	28.7	29.8	0	72	67
24.2	35	30.3	30.3	6	72	73
12.3	29.2	14.7	14.3	4	89	90
14.6	20.6	18.4	18.9	0	70	68
16.9	24.3	20.8	21.5	3	76	76
18.7	21.2	19.7	19.9	11	95	95
18.4	24	20.9	20.9	1	89	91
19.2	23.3	21.1	21.4	0.2	88	91
19	27.2	23.2	23.7	3	80	79
19	26.9	23.1	23.8	0	78	77
20.2	30.4	26.2	27.4	0	74	71
21.4	32	27.4	28.4	0	73	71
22.3	32.4	27.7	28.2	2	75	76
19.6	27.6	20.8	20.9	0	85	85
18.5	22.5	20.2	20.4	2	85	86
18.2	24.7	21.3	20.8	1	90	94
18.6	23.3	20.5	20	6	90	94
16.2	23.5	19.3	19.1	0.2	87	89
16.2	27.4	22.7	23.5	0	70	70
17.8	29.2	24.4	25.5	0	72	70
18.3	29.1	24.8	25.5	14	77	74
20.7	24	22.2	22	6	93	96
20	28.4	24.7	25.5	0	78	75
19.3	28.6	24.5	25.2	0	77	79
17.6	30.1	24.9	25.9	0	72	69
17.5	30.7	25.4	26.5	0	72	65
18.4	30.8	25.8	27.2	0	71	67
21.2	28.4	24.7	25	11	77	78
19	24.2	20.8	20.5	4	92	94
17.6	29.1	24	25	0	75	75
19.2	27.8	24.3	25	2	74	67
18.4	23.2	19.4	19.4	3	92	92
17.2	25.6	21.6	22.4	0	85	85
19.8	30.6	26	26.4	0	77	74
20.9	32.4	27.2	28	0.8	75	73
17.7	25.5	19.3	19.3	7	91	92
14.6	18.3	16.8	17.4	0.5	92	92
17	20.8	18.9	19.2	0	90	91
17.2	19.2	18.4	18.7	0	92	92
16.6	19.9	18.1	18.2	0.8	89	88
16.6	26.5	21.9	22	0	81	80
16.9	27.5	22.5	23.1	0	78	75
16	29	23.8	25.3	0	76	70
17.6	26.6	21.8	21.8	0	74	69
16.5	25.7	21.2	21.1	0	66	67
17.1	27	21.7	22	3	78	79
18.2	26.8	23.1	23.5	0	78	74
17.3	27.6	23.2	24.3	0	81	79
20.6	27.4	23.7	23.8	0	86	86
17.4	23.3	20.3	20.6	0	79	79
15.6	18.6	16.9	16.6	0	71	71
10.2	23.8	18.4	19.5	0	66	65
11.8	18.3	13.7	13.6	0	76	76
10.8	18.2	15.4	16	0	77	78
13.6	22.5	17.6	17.8	0	72	72
9.3	25.4	18	19.3	0	76	77
11	27.3	20.2	21	0	72	72
14.6	27.5	22	23.1	0	75	77
15.2	27.2	21.5	22	0	80	80
18.9	24	21.5	21.9	0	72	71
18.7	27.4	22.4	22.5	0	81	81
19.6	25	22.3	22.6	0	84	85
19.5	27.7	23.2	23.5	0	77	74
19.4	23.8	21.6	21.6	0	85	87
19.3	27.5	22.7	22.8	24	81	79
16.8	20.3	18	17.9	0	81	80
14.4	20.6	17.3	16.9	0	79	83
15	19.5	16.7	16.5	0	84	85
15	24.2	19.5	19.8	0	73	75
10.4	24.9	19	19.7	0	74	75
14	26.2	20.2	19.9	0	77	79
13.2	27	20.9	21.3	0	74	74
14.8	29	22.5	22.5	0	74	71
15.9	24.8	21	21.1	3	80	79
16.1	20	17.6	17.8	2	93	93
16.3	22.5	19.6	19.7	0	82	81
11.3	22.1	17.4	18	0	77	80
9.3	19.9	14.7	15.2	0	80	80
10.8	17.4	14.8	15.2	0	84	84
13.9	17.5	15.8	15.9	0.3	86	86
14	19	16.7	17	0	87	90
16	17	16.4	16.4	0.4	92	92
15.2	21.4	18.4	19.1	0	83	84
16.8	24	19.8	19.4	0	83	84
16.3	24.6	20.9	20.5	0	77	74
15.6	19.4	16.2	16.3	0.1	86	86
14.5	16.3	15.5	15.6	1	96	96
14.9	19	16.5	16.7	0	90	88
11	22.3	17.2	17.9	0	75	73
9.9	20.1	15.8	17.1	0	78	76
9.2	22.6	16	15.3	0	82	88
8.1	24.6	16.7	17	0	76	78
8.6	24.6	17.3	17.5	0	75	75
9.8	26.8	19.5	20.4	0	72	70
11.5	25	19.3	19.5	0	61	50
7.3	22.5	16	17.2	0	70	71
12	22.2	17.4	17.3	0	84	85
13.4	23.4	18	17.5	0	85	89
14.4	21.6	18.5	18.5	0	85	87
15.6	19.8	18.1	18.5	0	89	89
13.1	28.7	21.3	21.3	0.4	81	86
16.4	20	18.5	18.4	0	88	87
14.6	17.6	15.4	15.5	2	92	92
12.2	16.3	14.5	14.6	0	82	83
11.9	17.5	14.8	15.1	0	75	72
6.1	21.6	15	16.2	0	75	77
11.6	15.5	13.6	13.9	0	76	78
9	12	10.3	9.9	0	64	59
3.2	16.2	10.3	10.7	0	70	70
6.4	17.5	12	12.3	0	66	64
1.4	21.6	12.6	13.3	0	69	67
3.9	24.3	14.3	14.5	0	61	55
8.3	14	11.3	11.3	0	46	45
1.6	15	9.8	10.9	0	57	52
1.3	13.9	8.6	9.5	0	63	61
3.2	15.7	10.2	10.9	0	63	58
1.3	15.8	9.8	10.3	0	66	70
3.6	19	11.8	12.4	0	66	66
4.9	21.3	13.7	13.9	0	65	60
4.9	22.8	14.5	15	0	64	64
5.3	24.5	16	16.6	0	65	67
8.2	29	18.6	18.6	0	64	67
9.2	28.2	19.6	20.1	0	63	61
11.3	30	21.3	22	0	67	67
14.2	26	21.6	23.2	0	72	69
18.7	28.2	23.4	23.3	0	71	75
16.5	30.4	24	24.3	0	72	75
15.6	21.8	19	18.9	0	74	72
15.9	22.7	18.9	19.1	0	68	62
12.5	23.2	19.1	19.3	3	69	67
9.4	19	11.1	10.6	9	96	97
8.6	11.7	10.3	10.1	1	93	94
8.9	16.5	12	11.4	0	84	86
6.5	20.8	14.6	15	0	74	72
6.7	22.6	15.5	16.1	0	73	69
9.8	25	19.2	21.1	0	71	70
11.7	28.4	20.9	20.9	0	74	74
14.4	25.4	21.1	20.9	0	43	39
8	24.6	17.4	17.7	0	58	56
9.8	26.5	19.1	19.3	0	66	62
10.4	27.4	20.3	21.6	0	65	59
14.1	21	15.3	15.3	0	56	55
8.6	14.1	10.3	10.8	0	74	73
4.7	14.6	9.4	9	0	70	73
0.8	21	12.9	14.3	0	54	43
3.9	21.6	13.9	14.4	0	54	52
2.5	24	14.3	15.4	0	55	50
3.5	23.8	15.1	16.5	0	59	56
6.3	28.1	18.6	19.8	0	54	48
8.8	30.4	21.1	22.2	0	57	50
12.3	29.8	22.4	23.4	0	62	58
17	27.6	22.3	21.9	0	63	61
10.8	30.2	21.7	22.7	0	66	63
13.9	33.1	25	26.3	0	63	60
15.8	36	26.9	27.5	0	61	59
17.3	28.6	21.8	20.9	0	64	62
14.2	20.6	18.1	19	0	68	65
10.4	28.2	20.7	21.8	0	62	57
14.3	29.6	22.7	23.1	0	64	61
14.1	28.5	22.6	23.9	0	49	40
9.2	31.3	21.9	23	0	56	51
9.6	21	12.3	12.5	0.2	61	58
8.8	14.6	12.2	12.6	0	60	57
8.4	17.2	13.3	14	0	57	50
8.6	20.6	15.1	15.6	0	52	49
2.4	22	14.1	15.2	0	52	44
2.5	25	15.1	16.3	0	55	52
6.8	26.5	17.8	19.1	0	54	50
7.6	27.6	19.3	21.1	0	52	46
10.1	34.2	23.1	24.4	0	51	46
11.1	29	22	23.3	0	49	42
9.3	30.7	21.7	23.1	0	55	48
13.2	23.9	20.2	21.1	0	49	41
15.2	26.9	21	20.5	0	47	37
6	28.2	16.8	16.1	0	57	57
9.4	33.4	19.7	19.5	0	53	57
12.7	36.4	23.5	23.4	0	57	60
15.8	31.2	22.8	21.7	0	55	44
12.5	23.6	19.3	19.5	0	40	37
12	26.4	18.6	17.2	0	44	46
7.8	27.7	17	16.1	0	50	53
10.5	27.4	18	16.5	0	47	50
9	30.5	18.6	17	0	51	56
8.8	33.8	20.5	21.2	0	51	47
11.9	28.6	20	19	0	51	53
11.3	33.2	21.4	21.2	0	54	55
12.2	33.2	22.4	21.5	0	51	54
14.4	34.6	23.6	23.1	0	49	50
15.1	35.8	25.5	26.1	0	49	51
19.2	37.2	27.9	28.8	0.7	51	50
17.2	31.4	20.7	21.2	0	73	73
12.7	20.2	16.6	16.7	0	70	75
10.8	22.5	18.5	18	0	62	61
11.6	28.8	20.3	18.8	0	60	61
11.5	32.4	21.8	21.5	0	56	54
13.2	33.2	23.3	24.5	0	52	43
19.5	28	22.8	22.6	0	49	46
11.5	27.3	20.1	20.3	0	58	59
13.4	34	23.5	23.3	0	57	60
15.8	34.4	25.2	24.6	0	49	50
16.3	36.9	26.3	25.4	0	51	51
15.6	39.5	26.3	25.2	0	52	54
17.6	39.7	28.3	28.7	0	48	46
21.9	35	28.4	28.5	4	49	46
19.8	33.6	26.3	25.8	0	61	57
20.6	32.5	26	26	0.7	61	60
19.6	27.6	21.7	21.2	0	79	82
18.8	33.6	25.6	26	3	67	64
19.4	32.8	26	25.6	3	65	66
20.9	38	28.8	29.2	0	59	57
20.4	38.5	29.6	29.8	0.7	53	47
21.1	32.9	25.7	24.5	0	70	75
16.8	26.2	20.1	19.3	0	65	65
16.3	30.6	22.3	21.6	0	61	67
17.8	32	25	25.6	0	61	59
18.8	36.5	27.2	27.2	0	61	59
21.6	29.4	24.2	23.9	0	57	57
17.3	23	18.6	18.7	0	74	75
16.6	27.4	21.5	20.8	0	63	65
13.8	33.1	23.1	22.6	0	53	49
13.6	34	24.3	25.7	0	46	40
17.8	35.5	27.2	28	0.3	38	36
18.8	29.6	21.2	20.2	2	73	79
16	31.3	23.1	23	0	67	62
16.7	35.9	26.4	27.3	0	54	53
18.8	37.7	27.4	25.6	3	53	59
20	28	23.5	23.3	0	72	70
19.1	29.5	23.1	22.6	0	67	69
21.5	29.9	24.8	24.7	0	57	55
19.8	28.5	23.8	23.5	0	52	51
16	33.8	25.3	25.3	0	53	54
17.8	36	27.3	28.1	0	50	46
21.8	38.7	28.5	25.9	0	49	46
20.3	25.8	22.3	21.9	0	46	46
18.4	30.5	23.8	24.5	0	45	39
20	33.5	26.4	25.6	0	41	41
15.8	37	27.5	29.3	0	43	38
20.9	38.4	30.3	30.9	0	40	39
21.5	39.2	31.6	31.8	0	45	47
24.5	33.1	28.6	28.4	0	54	55
19.8	36.4	28.5	29.4	0	56	50
22.1	40	31.3	32.1	0	45	44
23	42.6	33.1	33.8	0	39	37
21.9	42.6	33.1	33	0	40	37
23	35.3	25.8	25.3	0	62	63
20.3	27	23.2	23.3	0	67	70
19.9	27.8	23.6	23	0.2	72	75
21.9	27	24.3	24.3	7	79	77
20.1	25	21.7	21.2	0.3	86	91
18.3	31.6	24.8	25.6	0	67	60
22.4	28.2	24.6	24.5	0	62	62
21	28.4	24	23.9	0	68	66
21.8	32.2	26.5	26.5	0	63	64
22.1	38	29	27.9	0.1	57	62
21.2	37.4	28.4	25.9	9	66	71
22.8	32	26.3	25.2	0	66	63
17.4	33	26	26.4	0	52	45
17.8	36	27.3	29.6	0	54	51
20.2	38.9	30.1	29.9	0	49	45
21.3	41	31.1	31.5	0	47	44
20	33.8	26	25.8	19	71	75
20.2	37.8	28.7	30.1	0	68	64
24	39.4	30.5	28.3	1	61	71
21.5	36.9	28.6	29	0	67	65
19.8	37.8	26.8	26.9	4	71	74
18.8	28.2	22.7	23.1	0	62	57
21.9	33.2	26.4	26.2	0	57	61
23.4	36	28.9	28.3	0	52	50
21	36.2	29.5	28.4	18	49	49
19.8	31.8	22.2	22.5	17	91	93
20.2	25	21.8	21.4	29	94	96
20.3	21.8	21	20.9	21	96	97
19.4	27.1	22.7	22.3	2	86	91
20.2	32	25.7	25.7	0	73	71
21.4	34.7	27.9	28.6	0	67	65
22.2	36	27.8	26	5	73	78
19.5	31.6	23.4	22.8	11	84	90
19.6	24	21.2	20.4	0.7	85	89
18.9	31.7	24.6	24.5	0	71	69
20.6	31.8	25.7	25.9	2	65	65
20.4	31.7	25.7	25.2	0	70	71
19.8	32.5	25.5	26	0	66	69
19.5	35.6	27.7	26.6	0	64	65
20.7	36.8	28.6	27.9	0	61	62
21	37.8	29.9	30	0	59	61
21.7	39.9	30.7	30.3	0	58	53
21.7	39.8	31.4	32.6	0	60	56
24.9	39.8	31.7	31.5	30	60	59
18.6	33.3	21	20.5	0.5	83	82
18.1	27	21.3	21	0	75	78
20.2	29.8	24.5	25.5	0	74	77
22.5	35.3	28.5	28.7	0	68	67
20.5	35	28.2	26.7	2	70	75
22.6	29.6	25.2	24.7	0	85	86
21.9	33.5	26.6	24.9	1	80	84
23	35.2	27.3	27	3	74	73
22.1	35.9	27.5	26.4	0	71	72
21	35	27.5	27.1	0	65	64
22.4	35.9	28.5	27.2	0	62	61
21.6	37	28.9	28.8	0	59	60
23.8	36.3	29	28.3	0	56	59
23.4	33.2	27.7	27.2	2	61	64
20.8	31.3	25.5	24.6	0	69	72
20.5	38	28.1	28.6	0	65	66
23.7	40.2	31.6	31.3	0	57	56
25.8	35.8	29.7	29.1	32	65	67
21.2	33	25	23.4	3	82	87
21.8	31.5	24.8	23.4	8	82	92
22.1	33.6	27.1	26.6	0	74	76
21.6	33.5	27.4	26.6	0	65	71
20.9	35.6	28	28.6	0	66	67
22.6	35.7	28.7	28.5	0	66	67
23.5	36.6	29.4	29.4	48	66	68
19.8	33.3	25.9	26.3	0.8	78	77
22.5	34	27.3	26.4	11	75	77
20.9	32.6	26.2	26	0.1	78	78
20.6	34.6	27.6	27.7	6	74	79
21.8	30.2	24.5	24.2	4	86	87
22.6	31.6	26.6	26.7	0	82	85
19.4	31.7	24.5	24	78	89	93
17.4	26.8	20.8	20.1	2	83	85
17.4	31	23.7	23	0	73	77
18.1	32	25	24.5	0	73	80
19.8	34.2	27.2	27.8	0	70	73
23.6	35	29.6	29.3	0	72	74
25.2	35.7	29.2	28.3	1	77	77
23.3	33.3	26.7	26.4	7	84	90
22.4	31.7	25.8	25	0	83	88
21.6	32.5	26.8	27.1	0	81	83
23.7	32	26.8	26.2	3	82	86
22.4	33.3	27.6	27.9	0	80	79
24.3	33.6	28.6	29.4	0	80	78
23.5	33	28.6	28.8	0	75	77
24.6	32.6	28.4	28.6	0	82	81
23.2	35.6	27.4	25.9	23	78	84
20.6	23.7	22	22	14	96	96
21	29.3	23.5	22.1	1	88	95
20.7	30.9	25.2	25	0	84	89
22.5	32.9	26.9	26	0	81	88
23.6	33	26.7	25.8	0	79	83
22.1	34	27	27	0	77	76
24.2	35	28.2	27.4	0	73	79
21.7	34.7	28	28	0	76	80
22.8	33	27.7	27.4	0	80	84
22.2	34.3	28.7	29.8	0	71	63
21.8	34.5	28.1	28.3	0	70	70
20.4	33.3	26	23.1	0	75	82
19.8	31.6	22.9	21.6	33	88	94
20	30	24.4	24.4	0	82	90
21.4	31.6	25.1	23.1	19	82	93
21.4	29.6	24.7	24.7	8	84	86
20.5	31.4	25.3	24.7	0	84	88
22.6	34	26.9	26.2	0	82	86
22.4	32.8	27.4	26.7	0	77	75
21.6	31.6	25.9	25.7	0	84	86
22.2	33	26.9	26.9	0	82	81
22.6	27.9	24.1	24.3	0	77	80
18.8	28.1	22.9	22.4	0	81	87
18.2	30.4	24.2	24.7	0	83	89
23.6	33.6	27.3	26.5	0	81	84
23	33.2	28.1	27.9	0	80	81
22.4	33.5	27.8	26.7	5	73	70
20.8	33.4	26.1	25.2	0	76	77
20.5	35.9	26.8	26	0	73	79
20.6	35.8	27.7	26.2	0	68	73
20.2	36.4	27.9	27.1	0	68	68
21.4	36.9	28.2	26.4	0	67	71
21.4	34.8	28.2	29	0	73	78
23	34.1	27.8	26.6	15	73	81
20.6	28.2	22.4	21.9	9	90	93
19.4	26.4	22.4	21.5	0	86	93
19.4	30.5	23.9	22.5	0	77	83
19.2	33	25	24	0	76	81
21.6	34.2	27.4	26.9	0	71	74
21.6	35.5	28.3	27.3	0	68	74
21	35.5	28.1	27.9	0	69	75
23.4	35.4	28.6	27.3	20	70	67
21	29.5	22.3	22.2	17	95	96
19.4	27	22.6	21.9	0.1	85	92
20.2	24.2	21.9	21.8	0	88	92
20.8	28.5	24	23.7	1	84	88
18.6	25	21.8	22	10	88	93
13.9	19.5	17.1	17.5	0.1	90	91
11.8	22.6	16.3	16.3	0	81	90
13.2	26.6	19.3	19.9	0	82	91
16.8	29.5	22.9	23.2	0	79	85
19.6	31	24.6	24.4	0	76	76
21.4	31.6	26.1	26.1	0	76	77
21	31.7	25.9	24.8	4	80	79
20.8	27.2	24	23.8	0	86	88
22	30.9	25.1	24.5	0	86	89
22.7	33	26	24.5	0.1	75	72
18.4	27.3	22.1	21.9	0	77	81
17.9	28.6	23.9	24.3	0.3	79	83
22.2	27.6	24.4	23.8	0	87	90
20.5	25.5	22.9	22.9	16	90	93
19.2	25	21.1	21.3	0.1	92	96
20.6	27.4	23.1	22.4	26	89	95
20.8	26.6	22.8	22.2	39	92	95
21.2	28.2	23.8	23	1	91	96
21.8	27	23.6	23.1	1	86	85
19.4	27	22.3	22	0	84	88
20.2	24.4	22.2	21.7	0	88	92
20.3	26.7	22.8	22.8	1	88	91
21	25.3	22.9	23.1	4	94	96
21.8	23.5	22.4	22.2	1	96	97
20.2	23.6	21.5	21.1	3	92	95
19.8	26.2	21.6	20.7	1	89	96
18.9	27.5	22.5	22.2	0	80	85
19.2	22.8	20.3	20.1	0.3	88	89
17.8	19.4	18.4	18.4	6	97	97
16.7	19.9	17.7	17.6	2	96	98
15.8	20.3	17.3	17.1	0.1	91	94
15	17.3	16.2	16.5	1	94	96
14.5	17.2	15.4	15	1	94	97
12.6	16.6	14.6	14.5	0	83	87
10.5	22	15.7	14.4	0	81	89
10	24.6	16	15.3	0	79	90
9.7	24	16	15.9	0	80	87
11.2	25	18.3	19.7	0	82	84
18.6	27.4	21.7	21.1	0	81	87
18.5	27.8	22.3	21.1	0	83	92
17.6	29.3	22.3	21.6	0	85	93
14.9	29.9	23.2	23.1	0	84	88
16	30	22.7	22	0	79	88
15.8	27.6	21.5	21	0	79	78
17.4	29.3	22.3	21	0	79	84
17.2	26.6	21.2	20.2	0	84	91
16.9	20.8	18.7	19.2	0.6	86	85
15.8	17.7	16.7	16.7	0.5	92	93
16	20.8	17.8	17.2	0	87	92
16	24.3	19.7	19.9	0	80	87
16.1	26.6	21.2	19.8	0	83	89
16.2	25.9	20.5	20.3	0	85	90
19.8	26.2	21.9	21.5	0	85	86
16	25.2	19.7	19.2	0	77	80
17.3	22	19.4	19.1	0.4	90	92
18.2	21.6	19.4	19.4	1	93	96
16.8	19.3	17.9	17.7	0.9	95	95
16.2	19.6	17.4	17.2	1	94	97
13.6	21.8	17	17.1	0	88	90
11	18	16.8	16.8	0	93	94
16.2	20.6	17.8	17.1	0.6	91	94
14.6	23	18.1	17.7	0	90	93
18.7	26.2	21.3	21	0	84	85
16	28	21.4	20.4	0	85	93
16	25.6	19.5	18.5	0	82	85
16.4	21.7	18.5	18.2	0	73	77
16.9	25.4	20.4	19.8	0	75	80
15.6	26.6	20.6	19.3	0	81	89
15.2	25.2	19.3	17.9	2	80	89
13.3	17.9	15	15	0	81	82
8.5	19.3	14.4	15.2	0	71	62
11	18	13.7	13.1	0	66	67
8.8	14.8	11.8	11.5	0	64	62
8	12	9.9	9.9	0	71	73
4.6	14.9	9.2	8.8	0	83	88
3.5	19.4	10.6	10.7	0	79	86
6.2	23.2	13.2	12.8	0	80	87
9.2	25.2	15.8	16.1	0	82	92
12.6	26.6	18.2	17.2	0	86	95
13.4	26.8	18.8	17.6	0	84	93
16.7	27	20.4	18.7	0	83	91
16.2	22	18.1	17	0.7	87	92
13.4	16.8	14.9	15.1	0.1	91	94
12.3	16.5	14.4	14.4	0	85	86
12.3	18	14.8	15	0	80	83
13.4	19.5	15.1	14.6	0	86	90
13.4	25.6	17.5	15.3	0	70	72
8	23.2	14.3	12.5	0	72	79
5.8	22.8	13.2	13.2	0	77	84
9.3	23	16.1	16.8	0	79	88
10.4	23.9	17.5	17.9	0	77	80
14.6	19.9	16.7	16.4	0	86	89
15	26.5	19.7	18.5	0	80	86
11.7	27.5	18.6	19.1	0	83	86
18	26.9	21.6	20.4	0	77	85
17.4	29	22.9	23.1	0	75	79
17.7	29.8	23.8	22.7	0	76	82
18.6	27	21.7	21	0	82	82
10.4	19.8	11.2	10.8	0	68	68
9.2	15	11.6	11.8	0	71	73
5.4	18.6	11.3	10.3	0	75	82
5.5	13.5	10.2	10.1	0	81	86
8.8	17.2	12.1	10.9	0	68	81
2.8	19.7	10	10.3	0	73	80
3.6	19.8	10.9	9.9	0	74	83
6.2	21.6	12.5	11.6	0	74	80
11	17.3	13.4	12.5	0	73	81
5.2	23.1	12.9	10.8	0	74	83
5.5	23.2	14.6	15.3	0	72	75
13.6	18.6	15.3	15.4	0	73	74
12.6	16.2	14.1	13.6	0	76	78
9.8	16.4	12.4	12.1	0	71	78
3.2	20.5	10.8	9.8	0	77	84
3.5	23.2	12.6	11.4	0	75	85
4.3	25.6	13.6	11.4	0	74	83
6.2	25.6	14.6	14.1	0	73	81
8.4	28.1	16.8	15.9	0	68	70
8.6	25.2	16.2	14.2	0	68	77
6.9	25.9	15.6	14.5	0	72	72
0	25.5	17.2	17.5	0	68	70
14	19.9	16.6	16.6	0	56	59
11.9	21.6	15.8	14.6	0	72	78
7.9	22.7	15.4	16.3	0	66	65
10.2	22.8	16.4	15.7	0	68	74
9.3	24.8	15.5	15.2	0	65	72
11.7	17.4	14.2	14.3	0	44	46
11.8	22.2	16.1	16.7	0	58	55
7.7	23.2	16.4	15.5	0	67	69
9.7	28.6	18.7	19.2	0	71	74
14	28.6	20.6	19.9	0	70	67
15.3	22.6	16.6	16.7	0.1	78	77
13.5	19.1	15.9	15.7	0	81	80
15.3	25	18.2	16.4	0	74	78
8.5	20.6	16.1	16.3	0	76	77
14.1	22.6	17.4	16.3	0	67	76
8	27.3	16.5	16.6	0	68	71
10.6	30.1	19.5	18.4	0	66	71
13.9	33.6	22.6	21.8	0	65	72
15.6	25.9	20.6	20.2	0	60	66
7.3	26	17	15.6	0	63	67
8.3	29.3	18.4	18.8	0	66	70
13	30.4	21.5	20.1	0	68	70
14.8	32.2	22.6	22.2	0	67	70
17.2	33.6	24.8	25.1	0	66	65
19.7	27.6	21.5	21.3	0	65	68
15.9	21.8	18.9	18.5	0	76	77
14.9	28.8	20.9	18.8	0	72	79
14	29	21	21.8	0	71	68
16.1	35.4	24.3	22.7	0	67	72
17.3	35.3	26.1	27.8	0.4	64	66
13.9	28.7	16.5	16	0	76	77
10.8	17	14.2	13.8	0	56	59
9	16.6	13.4	12.9	0	55	51
10.2	19.5	13.9	13.7	0	55	56
2.7	22.4	13	12.7	0	55	58
5.2	25.7	14.6	14.9	0	58	58
8.5	29.8	18.2	18.3	0	57	60
11.9	34.6	22.3	22.2	0	54	56
15	35.3	24.7	23.8	0	53	56
16.5	34.7	25.1	25.1	0	52	51
16.6	37.4	26	24.9	0	50	53
15.4	38.4	25.4	22.8	0	53	59
17.1	29.6	22.9	22.2	0	58	58
16	20.6	17	16.9	0	77	76
15.2	26.9	19.5	18.1	0	69	72
12.3	30	21.5	22.4	0	62	58
18.5	23.6	21.5	21.4	0	63	64
17.2	23.5	20.1	20	0	70	71
16.8	25.3	20.7	21.4	0	70	67
19.2	28.2	22.4	21.4	0	68	74
19	30	23.7	24.3	0	66	63
16.8	33	24.9	25.1	0	61	63
19.6	38.1	28	27.3	0	56	58
20.2	39.2	29.4	30.5	0	50	47
22	39	30.4	31.1	0	48	44
22.2	32.9	25.9	26.2	0	64	66
15.8	23.2	17.2	16.7	0	60	60
9.5	29	19.3	20.1	0	56	53
14.3	32	23.2	22.6	0	47	43
12	31.2	23.6	25.5	0	41	32
14.1	33.9	23.7	24.4	0	35	36
14.5	35.8	24.5	24.7	0	49	55
16.8	27.4	20.2	19.6	0	40	40
14.6	25.4	18.8	18.1	0	43	40
11.2	21.8	16.1	16.1	0	42	41
8.6	29.3	18.9	19.6	0	50	49
12.2	31.9	22.1	20.7	0	46	49
14.3	37.5	25.3	26.2	0	46	46
18.6	39	28.5	28.9	0	48	42
22.4	35	28.4	28.4	0	54	51
19.2	28.8	21.7	21.1	0	71	73
18	27	22.3	22	0	71	73
20.6	33.5	26	25.5	0	64	66
19.7	38.6	28.4	26.7	20	60	62
18.4	31.8	25.1	26	0	74	76
22	28.1	23.4	23	0.1	76	75
17.2	22.2	19.1	19.3	0.4	82	82
18.2	26.3	21.2	20.8	0	73	75
16.4	26.1	20.5	19.6	0	66	68
13.2	30	21.4	23	0	61	57
16.6	33.8	25.3	24.9	0	52	54
17	36.6	26.9	28.5	0	53	48
20.2	43.6	29.6	28.2	0	50	47
17.2	32.6	26.1	26.7	0	44	44
21.2	35.6	28.2	28.4	0	38	41
21.3	37	29	28.7	0.3	52	57
21.4	36.8	28.6	28.5	0	64	66
24	40.8	31.8	29.8	0.7	53	52
22.2	33	25.6	25.6	0	75	74
20.6	38.4	28.6	28.4	0	63	60
21.4	29.6	24	24.2	0	56	54
19.3	33.2	25.5	24.8	0	48	41
18.6	33.7	25.9	25.5	0	48	50
21.9	37.5	29.5	30.4	0	52	52
24.4	39.6	32.7	32.5	0	49	49
27.1	38	32.1	30.8	0	51	51
23.8	39.5	31.1	31.9	0	63	63
23	33.7	26	25.4	0	68	66
20.1	35	27.1	28.7	0	62	54
23.1	31	25.5	25.6	2	75	74
21.3	27.7	23.6	22.6	2	87	92
21	34	27.1	27.5	0	71	72
24.4	34.9	28.4	27	63	67	74
21.2	29.9	23.8	23.1	3	84	87
20.2	33.4	26.8	26.5	7	70	73
20.4	30.8	24.8	24.3	0	77	78
21.3	36	28.6	30.6	0	70	67
23.9	38.2	31.3	31	0	61	58
21.8	32.6	25.3	25.3	0	67	67
18.8	24.8	21.7	21.9	6	76	77
17.9	23.5	20.1	19.9	2	88	94
19	25.6	21.9	21.7	0	80	76
18.6	29.4	23.8	23.4	0	67	70
17.8	31.4	24.5	25.1	0	65	62
22	34.8	27.7	28.1	0	58	57
23	33.8	28.3	27.5	2	58	62
21.1	32.6	26.7	27.4	0	74	73
22.6	29.2	25.1	25	0.7	82	81
22.2	34.8	27.8	28.7	0	72	69
23	37.4	29.9	30.7	0	65	62
23.6	37.4	29.9	29	6	62	61
21.4	30.4	23.9	23.4	0.3	82	85
21.2	25.6	22.8	22.5	0	81	81
20.5	27	23.6	23.8	0.3	75	76
20.4	27.4	23.9	23.2	0.5	83	84
22	29.2	25.7	26.1	0	76	76
23.5	35.1	29	29.1	0	69	72
23.6	30.6	26.7	26.6	0	73	72
21.8	29	25.5	26.2	0	75	74
21.6	33	27.5	27.7	0	72	74
23.4	38	30.4	30.7	0	63	59
24.2	39.4	31.4	31.7	0	59	55
24.2	38.1	30	29.1	0	63	67
23	35	28.8	29.3	0	68	71
25.3	40	32.6	33.8	0	60	50
19.7	34.8	24.6	25	2	73	75
17.2	28.5	22.5	22.9	0	63	64
20.4	37	27.6	27.6	0	63	68
22.8	38.5	30	30.4	0	65	67
24.5	37.1	30.8	30.5	0	52	48
22.6	40.4	31.3	32.2	1	53	51
22	34	28.3	28.2	0	63	60
20.7	37.6	28.7	28.7	0	61	58
22.2	38.1	30.1	29.1	0	55	56
22.2	41.2	31.6	31.8	0	52	51
25.2	40.9	32.5	32.5	0	52	49
24.2	42	32.1	30.7	12	55	57
24.2	39.1	31	32.1	0	66	62
23.8	36	28.6	27.8	74	71	74
20.3	24.8	22.3	22.5	2	90	90
20.7	29	24.6	25.3	1	77	79
22	32.6	26.5	25.9	0	83	86
23.2	36.6	29.1	29.5	0	76	83
23.5	36.6	28.8	27.4	15	76	82
16.8	24.8	20.5	20.3	4	87	88
18.6	27	21.9	21.3	0	72	71
17.4	29.7	23	23.5	0	68	75
20.4	31.8	25.2	25.6	0	74	73
21.8	35	27.8	27.4	0	71	71
22.4	36.9	29.4	29.3	0.2	69	71
19.5	32	23.1	22.4	2	80	81
19.2	26	22.1	22	0	79	79
20.2	29.5	24.4	24	0	74	77
23.8	34.5	28.5	29.4	0	68	69
23.6	37.2	30.5	30.8	47	67	65
19.9	32	24.9	24.7	11	86	85
22.1	34	27.1	27.1	0	80	84
23.4	35.5	29	28.5	30	74	75
19.8	31	25.5	25.4	3	81	82
22.8	34.6	28.5	28.1	0	72	74
21.4	35.2	28.5	28	0	71	71
24	33.5	28	28.5	0.6	70	74
23.7	34	27.4	26.7	6	75	78
21.8	34.2	27.4	27	0.2	74	73
23	34.5	28.2	27.5	0	67	70
24.2	36.5	28.8	27.4	24	67	73
20.5	31.9	25.5	24.5	1	83	91
21.8	27.6	24	23.9	4	88	90
21	25.4	23.1	23.1	8	90	91
20.6	29.6	24.6	24.3	2	79	83
19.5	30.4	24.8	24.8	0	77	78
21.8	32.3	26.4	26.1	0	73	77
22.2	34.6	28.7	28.5	0	71	76
22.6	36.5	29.7	28.6	0	58	56
21	31.7	25.9	25.9	2	74	77
19.7	31.7	25.5	26.4	0	71	72
21	34.8	27.6	26.9	0	72	77
22.2	36.7	28.9	28.9	0	66	63
22.2	36.5	29.7	28.2	0	60	60
22.1	35.3	28.8	28.8	9	66	67
21	36.6	28.2	28.7	0	71	71
23.6	39.9	30.7	29.9	0	61	61
21.6	41.2	30.7	29	11	60	64
22.3	31.8	26.7	26.5	0.3	73	74
19.5	34.9	27.3	26.5	0	72	77
23.5	35.2	28.4	28.6	17	70	73
22	30.8	26.7	27.1	0	78	76
23.2	32.6	26.8	25.1	0	70	76
18.2	35.7	27.3	26.4	0	65	67
20	37.7	28.3	27.7	0	61	64
21.8	37.4	29	27.9	0	56	59
22.5	31	25.9	25.5	0	66	68
18	36.6	27.9	27.6	0	66	64
22.2	39.3	29.2	29	0	61	61
20	35.4	28.9	28.4	0	63	68
24.3	35.9	29.3	28.7	0	61	63
22.4	39	30.3	29.8	0	64	64
23.8	40.6	31.6	31.5	11	60	58
20.4	34	22.1	21.8	5	87	89
17	23.5	19.6	19	3	89	94
17.6	22	19.5	19.3	2	88	89
19.4	28.3	22.2	20.8	0	84	89
20	30.4	24.6	25.1	0	78	81
21.3	36.2	28	28.9	0	73	77
23.4	38.2	30.1	30	9	69	72
19.9	31.4	23.8	23.2	7	84	81
18.6	24	20.9	21.3	0.2	84	87
18.8	27.4	22.5	21.7	0	80	85
18.7	31.6	24.6	25	0	79	82
20.8	36.9	27.9	27.5	0	75	76
20	35.5	27.9	26.4	0	69	63
21.6	27.2	24.1	23.9	0	60	59
19.6	27	22.8	22.3	0	69	70
18.8	29.5	23.2	22.5	0	73	76
18.6	30	24.1	24.2	0	75	79
22.7	34.2	27	26.1	0	72	77
24.6	32.9	28.1	27.5	0	76	82
25.2	37	30.1	29.7	0	70	67
23	40	28.4	26.9	29	66	66
21	27.7	23.9	23.7	4	88	92
22.2	30.1	24.2	23.3	0.8	85	88
20.2	26.7	23.1	22.9	0.3	81	82
18.8	23.6	21.7	21.8	15	87	87
16.6	21.4	17.5	17.6	5	93	96
15.7	23	18.8	19.5	0	83	85
17.5	21.4	19	18.8	5	90	93
15.5	21.3	18.5	18.2	2	87	90
16.2	23	19.4	19.5	0	83	88
17.3	29	22.2	20.2	0	75	85
15	30.6	22.7	22.4	0	74	77
16.8	31.1	23.6	24.6	0	73	72
22	26	23.8	23.9	0	77	77
19.2	27.8	23.4	23	0	77	79
19	30.5	24.2	22.9	0	78	84
20.8	29.6	23.8	23.1	0	79	84
19.6	31	24	24.3	0	73	75
20	29.5	24.3	23.6	0	68	73
19.6	31.7	25.3	25.2	0	68	71
19	32.8	25.8	25.5	0	67	69
18.6	33.6	25.1	25.5	0	70	76
21.2	31.8	26.1	25	0.1	69	71
17.5	24.8	21.5	21.5	0.8	84	85
18	24	20.3	20	0.3	82	85
15.3	23.7	19.5	19.8	0	82	84
15.8	31.2	22.1	21.3	0	77	81
15	32.6	23	23.2	0	73	78
19	26.7	22.9	23.1	0	81	81
20.6	24.6	22.5	22.3	0	73	71
18.6	30.2	24	24	0	67	71
20.8	30	25	24.5	0	73	75
20	34	26.5	25.5	0	71	75
19.8	26.7	21.3	21.4	0.8	77	79
18.2	24.5	20	19.2	0	75	79
15.6	25.2	21	21.5	0	73	73
14	30.2	22.1	20.7	0	71	76
15.2	32	22.2	20.9	0	70	75
14.3	31.6	22.1	20.7	0	68	71
13.6	32.3	21.9	20.8	0	67	69
14	32.7	22.4	21.2	0	67	71
13.4	32.2	22.3	21.1	0	67	73
14.8	32.8	22.5	20.9	0	69	75
15.3	33.4	23.1	21.3	0	64	69
13.2	33.2	22.6	20.7	0	63	65
13.8	33.2	22.6	21	0	63	65
14	33.3	22.7	21.8	0	65	66
15.5	34	23.7	23.2	0	64	64
15.2	31.8	23.6	24.1	0	68	69
18.8	31.4	24.3	23.3	0	70	74
22	28.6	24.7	24	0	70	74
21.8	28	23.6	23.3	0	83	87
20.2	33	26.1	26.5	0	73	73
20	33.4	26.6	25.7	0	72	75
21.8	31.5	26.1	24.8	5	73	77
22.2	25.3	23.2	23.1	0.6	82	83
19.3	29.5	23.2	22.4	0	71	73
15.3	30.5	22.1	21.8	0	67	61
13.6	30	22.1	21.8	0	61	62
12.4	30.6	20.6	19.4	0	65	72
12.2	28.6	19.2	18.2	0	65	66
13.6	30	20.9	21.1	0	67	71
15.6	30.8	22.5	21.9	0	70	75
19.5	26.8	23	22.1	0	70	68
18.7	24.5	21.6	21.6	0	81	83
19.6	24.4	21.8	21.5	0	83	84
13.6	27.8	19.9	20.4	1	76	74
9	16.8	12.7	12.8	0	73	76
11.5	16.6	14.6	14.8	0	63	63
11.8	17.9	14.3	14.3	0	72	73
12	21.8	16	15.4	0	73	76
11.2	22.6	16.2	15.1	0	74	81
10	21.4	16	16.7	0	76	76
14	19.5	16.5	16.2	0	81	84
13.7	21	16.4	14.7	0	79	86
9.7	24.9	15.4	14.4	0	78	86
8.5	25.4	16.7	17.5	0	72	70
10.8	24	16.4	15.8	0	72	76
11	27.1	17.5	17	0	77	84
9.8	32.5	19.8	18.7	0	71	73
12.6	28	19.5	18.6	0	64	69
17	24.2	19.5	19.1	0	67	69
14.8	27.1	19.8	18.4	0	71	78
11	28.8	19	17.7	0	70	74
12.5	29.1	19.7	18.4	0	70	78
12.6	28.5	20.3	20.2	0	69	70
11.9	26	19	18.8	0	70	71
13	29.5	20.3	18.9	0	72	78
13.4	29	19.5	17.8	0	71	77
11	28.9	19.1	18.3	0	71	77
17.6	28	21.6	20.6	0	65	70
14.6	29.5	21.4	21.1	0	70	74
19.2	27.4	22	21.9	0	71	74
19.8	23.3	20.7	20.5	0	89	91
18.6	27	21.4	20.8	0	86	89
18	24	21	21.2	0	85	87
17.5	30.5	22.1	20.1	34	81	91
16.8	21.2	18.3	17.7	0	89	93
13.6	20.3	16.1	15.6	2	92	96
13.7	17.2	14.9	14.3	6	96	96
13	19.2	15.8	16.1	0.4	92	94
10.4	17	14.3	15.6	2	87	91
7.6	10.7	8.6	8.4	0.2	84	83
6.2	22.1	12.5	11	0	77	88
6.2	19.2	11.4	10.4	0	80	88
7.1	18.8	11.7	11.1	0	84	89
11.8	17.5	13.7	12.8	0	76	80
11	16.7	14.1	13.9	0	77	82
11	22	15.6	13.6	0	73	82
7.4	23.3	14.6	13.1	0	78	85
9.6	23.7	15.2	14.9	0	81	85
9.6	26	16.8	15.1	0	70	81
8.1	22.2	14.1	13	0	78	85
7.6	24	14.5	12.5	0	75	84
8	25.4	15.1	13.2	0	71	79
6.5	25.4	15.3	14.6	0	72	79
9.8	27.8	17.9	18.6	0	73	76
13.8	28.6	21.2	20.4	0	71	74
14	24.8	19.7	19.2	0	77	75
12.2	19.6	15.4	15.6	0.8	70	68
9.7	14	11.7	11.8	0	84	83
11.2	15.8	13.6	13.3	0	82	85
11.8	20.1	15.1	14.1	0	84	87
11.6	27	18.6	19.8	2	78	82
15.4	22.8	17.5	17.2	0.2	84	84
13	25	18.5	16.9	0	77	84
11.6	26.6	18.1	18.6	2	75	72
14.8	21	17.3	17.5	0	83	84
13.1	22.7	16.8	15.6	0	86	91
12.1	27.4	18	16.9	0	80	84
12	29.7	19.6	18.9	0	64	58
11.4	20.1	13.4	12.6	0	49	52
4.8	19.3	12.1	11.3	0	61	58
6.2	11.8	8.9	9	0	66	69
6	9.5	7.3	7.4	0	56	57
-1.3	16.6	6.5	6	0	60	55
0.5	19.5	8.7	7.8	0	52	56
0.2	21.6	10	8.9	0	52	53
1.8	24	11.7	12.1	0	50	49
5.4	26.8	14.8	13.5	0	52	55
8.2	29.5	17.4	17	0	51	54
10.2	30.5	19.4	19.2	0	53	53
12.8	33.6	21.5	20.5	0	58	64
13.3	31.7	21.7	21.8	0	60	58
18.8	26.6	21.8	21.2	0	53	51
16	21.6	18.1	18	0	54	56
15	26.5	19.4	17.7	0	55	55
10.2	27.5	18.1	15.4	0	58	68
8	29.2	18.2	18	0	61	64
12	30.9	20.8	20.4	0	61	62
14.3	30	21.1	19.8	0	64	68
14.4	23.9	18.6	18.3	0	50	39
12.4	18.1	14	14.2	0	32	33
2	21.3	10.5	8.7	0	48	54
1.9	24.8	12.7	12	0	48	52
5	27.3	15.4	15.7	0	45	45
10	16.5	12.8	12.3	0	49	52
2	18.6	9.7	8.6	0	58	60
1	22	11	10.2	0	49	46
3	24.9	12.8	11.9	0	43	48
3.5	25.1	14.3	13.2	0	36	36
4.3	27.2	15	14.1	0	42	44
8.2	31.7	18.4	18.5	0	43	42
11	34	22	22.6	0	44	44
14	35.5	23.6	22.9	0	46	48
15.8	31.2	20.8	19	0	44	38
12	16	13.4	13.6	0	25	24
5.8	16.6	11.1	11.2	0	40	39
6	17.9	11.3	9.9	0	40	40
1.5	18.2	10.8	9.5	0	40	44
2.5	23	11.5	11.3	0	45	47
2.5	27	14.4	14.3	0	44	47
7.5	31.2	17.5	16.8	0	42	43
10.7	30.4	18.8	17.7	0	36	38
10.5	34.8	21.5	19.2	0	37	37
13.6	36.4	23.6	22.4	0	36	39
14.4	36.4	24.6	22.8	0	38	41
17.9	26	21.5	20.6	0	45	46
15.8	26.8	20.2	18.3	0	45	46
12	33.6	21.9	22.3	0	52	54
16.3	36.3	25.3	23.9	0	49	49
16.7	38	27.1	27.1	0	45	45
19.1	38.6	28.9	27.6	0	44	44
20	38	29.3	28.6	0	42	43
17	39.5	28.1	29.5	0	43	37
18.4	38.3	28.5	29.5	0	42	40
19.5	37.5	29	30.4	0	46	42
19.4	32.6	22.3	21.6	0	49	47
14.9	19.4	17.1	17	0	53	53
12.6	17	14.5	14.8	0	66	65
12.8	16.8	14.3	14.1	0	64	65
11.6	15.1	13	12.9	0	52	53
11.5	20.3	14.5	12.7	0	54	62
11	25.6	17.6	15.8	0	53	60
10.6	30	19.5	19.9	0	53	56
13.7	33	23.8	26	0	45	38
14.5	26.6	18.5	18.3	0	36	34
13	17.2	14.5	14.6	0	43	45
7	24	15.6	13.8	0	45	49
5.8	25.4	15.6	14.7	0	43	43
7.2	30	18.5	18.3	0	38	39
12.6	32.7	21.7	21.6	0	38	36
13.2	32.4	23.3	23.5	0	39	38
13.6	25.4	17.4	17.9	0	37	36
9	24.4	15.4	14.8	0	43	43
8.8	27.8	17.7	16.4	0	44	46
9.2	30	19.2	20.1	0	45	43
12.2	33.4	22.7	23.9	0	45	40
17.8	26.4	21.2	21	0	47	48
14.8	30.8	22.1	22.8	0	51	46
19.7	31	24.7	24.3	0	32	33
17.4	32.4	24.9	23.6	0	40	43
15.2	35.5	25.7	27.5	0	42	33
19	37.6	28.7	29.4	0	39	35
21.2	31.6	25.4	25.5	7	62	59
20.2	24.3	21.4	21.2	7	93	95
20.5	22	21.2	21.2	0.8	93	93
20.1	24.4	22.1	22.3	8	84	87
20.3	24.6	21.9	21.6	17	90	91
19.8	24.2	21.4	21	2	88	90
17	30.2	23.1	23.4	0	76	79
20	29.6	23.5	23.3	0	71	72
20.1	34.3	26.7	26.5	0	61	58
20.4	37.5	28.9	30.5	0	53	45
21.8	38.5	30	30.1	0	54	53
25.2	31.4	26.9	26.6	0	42	42
21.7	33.8	26.6	25.6	0	47	50
18.8	37.2	27.6	29.2	0	53	53
17.4	30.3	23.5	24.4	0.1	59	51
16	27	20.3	20.2	0	75	77
18.3	29	23.1	23.5	0	71	71
21.3	32	25.8	25.3	0	61	61
21.9	31.8	26.3	26.4	0	60	60
23.4	35.4	28.8	28.7	0	57	59
22.8	38.5	30.6	31.7	0	55	53
27.8	41.6	33.5	33.3	0	44	42
19.8	35.3	28	29.2	40	65	59
18.2	25.6	21.3	21.6	0	79	77
20.5	30.6	24.5	23.6	0	64	71
17.4	32	23.9	23	0	64	70
16.2	33.1	24.5	23.8	0	58	58
16.8	35.6	26.7	28.4	0	50	37
18.9	36.9	27.9	28.5	0	43	45
20.6	38.6	28.9	28.7	0	45	45
21.6	39	30.1	30.4	0	48	45
22.9	35.5	27.9	27.5	1	58	59
16.1	25.5	20.9	21.6	0	65	62
14.8	35.4	24.9	24.1	0	50	49
15.8	39	28	30.4	0	44	40
22	41.6	32.3	33.2	0	40	35
23.7	42.5	31	30	0	41	36
21.1	31.6	25.7	25.2	0	35	32
15.8	34.9	25.5	25.1	0	41	42
17	37.2	27.7	26.8	3	45	45
20.4	30.8	23.3	22.9	1	78	80
19.5	32.2	25.1	25.8	0	65	60
21.8	36.6	28.7	28.2	0	49	50
22.8	37.7	29.1	28.1	0	50	53
21.9	38.9	30.3	31	0	40	35
21.8	40.6	31.6	33.5	0	43	37
24.3	39.7	32	32	22	43	40
22.2	32.3	23.4	23.1	0.6	82	85
20.8	27.4	23.6	22.9	2.4	84	88
21.3	27.3	23.2	23.1	0.8	86	86
21.7	25.2	23.2	23	0.3	88	90
20.8	32.6	25.5	25.2	0	68	71
22.8	35.8	28.6	28.6	0	65	70
25.2	40.6	32.3	32.6	0	56	53
22	41.6	27.7	26.1	2	76	73
20.4	34.7	27.2	28.3	0	71	70
24.3	41	29.7	27.7	0.1	66	69
20.9	35.2	28.1	28.6	0	69	68
23.6	36.1	29.4	29.1	61	66	67
22.2	35.7	28.2	28.8	0	67	65
23	36	27.5	26.2	23	72	77
21.2	30.6	24.8	24	0	81	83
21.7	31.8	26	26.2	0	72	68
23.8	27.4	25.1	24.9	8	76	75
22.2	29.9	25.1	24.1	0	79	80
21.4	34.5	26.8	27.3	20	74	73
22.2	31.5	26.2	26.7	0	79	80
23	32.5	26.8	26.6	0	79	81
23	35.3	28.5	27.8	0	72	78
21	28.8	23.8	23.7	7	86	88
20.5	35	26.7	26.2	0	74	79
21.4	30.9	26.4	25.8	0	73	78
20.8	36.1	27.9	27.2	0	66	70
23.7	34.6	28.2	27.4	0	64	68
23.2	38	29.9	29.3	0	59	60
21.4	38.9	29.8	28.6	0	58	64
21.8	39.4	30.3	30.3	0	50	48
21.9	39.6	30.1	29.6	0	55	59
23.4	40	30.6	30.3	0	59	60
23.8	39.9	31.8	32.2	0	57	50
25	40.8	32.1	32.4	0	59	59
25.8	42	33.2	32.3	0	55	56
26.8	43.5	31.6	29.9	13.6	61	66
23.6	36	29	29.6	0	74	72
24.8	38.2	31	31.9	105	64	65
20	33	21.6	21.8	5	92	92
17.9	31	23.1	22.8	0	71	78
18.3	33.8	25.6	24.7	0	67	74
20.4	36.2	28.1	28.2	0	68	73
24	37.6	30.2	29.3	0	68	72
21.5	31.6	24.5	24.7	13	84	86
18.2	34.3	25.4	25.6	0	78	84
21.4	37	28.2	28.9	0	74	77
22.1	33.5	26.1	25.8	3	80	86
19.8	30	24.1	24.4	0	78	79
21.2	33.3	26.7	26.6	0	69	69
21.6	37	28.1	27.5	0	69	67
22.4	36.2	28.3	27.4	0	63	62
22.2	35	28.2	27.8	0	68	72
22.5	37.8	29.1	28.3	4	64	66
22.3	38	29.5	29.4	0	62	57
24.7	35.3	29.5	29.1	36	67	67
22.9	35.5	28.5	29.3	0	76	74
24.2	37.3	31.2	32.1	0	66	63
25.2	37.6	31.3	31.4	0	66	65
25.4	38.6	31.8	31.5	0	60	64
19.4	36.4	27.1	27.8	64	70	63
13.8	21.4	17.1	16.4	3	90	95
15.7	23.4	19.4	20.4	0	83	82
18.2	28	22.6	23.6	0	82	85
21.3	29	24.5	24.8	11	84	84
19.6	25.6	21.9	22.6	9	94	95
19.1	29.5	23.8	24.7	4	79	82
21.4	33.8	26.8	25.4	0	78	75
21.6	35.4	27	25.4	0	75	76
20.9	35	27.6	28.4	0	76	77
23.4	34.6	28.2	27.3	0	76	75
21.8	35.1	28.3	29	0	68	69
22.9	35	28.8	29.2	0	71	70
21.5	35	26.5	26.1	23	75	74
21.2	31.2	25.6	26	0	82	85
22.8	33	27	26.2	0	80	83
23	35.5	26.7	25.5	57	79	86
20	29.9	24.3	24.1	0.3	83	90
22	32	26.2	25.8	0	80	82
21.8	33.2	26.5	24.8	23	83	92
22	30	24.5	24.3	0	84	86
20.4	30.3	24.4	24.2	1	77	81
19.7	28.1	23.1	22.5	1	81	86
19.6	29.5	23.7	23.4	0	83	84
22	29.3	24.5	23.5	0.2	84	88
22	29.7	24.3	23.5	38	86	91
20.9	28.4	23.8	23.9	0	86	88
21.2	31.6	26.2	26.4	11	80	82
22.2	31.5	26.5	26.5	9	82	84
22.6	28.6	24.8	24.4	53	87	89
21.6	29.5	24.6	23.6	1	90	93
23	32.4	27.3	27.6	0	84	83
20.4	29.5	24.5	25.5	0.4	84	90
17	24.7	20.7	19.9	2	79	85
18	27	21.1	19.8	0	74	81
16	28.9	22	23	0	78	82
21.4	25.2	23.1	22.8	1	80	81
19.6	23.2	21.2	21	2	93	93
17.2	27.4	21.1	21	0	78	82
19.6	29	22.9	21.6	0	76	85
16.3	32.2	23.9	22.8	0	73	83
18.6	33	25.2	24.5	0	73	78
21.2	27.1	23.9	23.6	0	77	77
20.8	31	25.4	25.2	0	75	79
22.3	32	26.7	25.8	0	76	84
21.2	26.8	23.2	22.8	0.8	80	81
18.8	25.1	21.5	21.5	0.4	87	90
18.8	29.3	23.6	23.9	0	79	79
22	29.2	25.1	24.4	0	81	86
21	32.4	26.7	26.9	0	79	76
21	31.7	25.1	24.8	0	69	70
20.6	28.2	24.3	24.2	0	79	81
20.6	34.5	26.7	26.8	0.1	72	76
17.6	27	22.4	23.3	7	85	88
14.7	18.9	16.7	16.8	0.5	92	93
15	25.4	19.8	19	0	82	90
14	30.2	21.9	22.4	5	81	86
16.2	23.4	18.8	18.9	6	91	91
14.6	26	19.3	18.5	0	81	88
16	28.2	22	23	0	76	76
21	26	22.9	22.3	1	81	83
18.4	24.6	21.5	21.7	0	85	86
19	25.8	22	22	0.5	83	85
20.6	27.4	22.7	22.1	10	87	91
18.4	27	21.8	21.2	0.9	87	94
17.8	31.5	23.5	23.2	0.1	82	88
20	30.8	25.2	24.9	36	79	87
20.2	28.6	23.7	23	2	86	93
21.2	30.2	25.1	25.3	0	83	87
22.5	30.5	26	25.5	0	86	89
23.8	32	27.2	27.3	0	86	90
21.9	33.5	27.7	27.4	0	80	82
23.6	32.4	27.6	27.1	0	84	89
22.6	33.5	28.1	28	0	82	84
23.4	33.3	27.1	26.3	1	80	75
17.9	24.3	19.9	20.2	4	90	94
19	21.8	19.8	19.8	4	94	96
16.9	22.4	19.2	18.5	0	88	90
15	28.6	21.7	21.2	11	77	73
13.8	22.4	16.6	16.5	0	82	84
12.8	22.4	16.2	15.1	0	79	87
10	25.2	16.9	16.1	0	78	88
11.8	27	18.6	17.9	0	79	88
16	29.9	22.5	21.9	0	74	76
20.2	23.5	21.5	21.6	0	77	78
18.4	24	20.9	20.6	0	88	90
19.4	26.1	21.8	21.8	2	86	91
19.3	23.2	21.5	21.5	10	95	96
19.8	24	20.8	20.4	4	95	98
19	23.9	21	20.6	0	90	92
19	24.8	21.6	20.6	0.4	87	90
18.6	23.8	20.4	20.4	0	86	90
16.5	25.6	20.8	20.4	0	84	88
19	28	22.7	22.6	0	80	86
18.6	29.5	23.6	22.9	2	78	83
19.5	23	21.3	21.5	2	94	95
18	23.8	19.9	19.4	1	88	91
16.3	22.7	19.5	19.4	2	88	89
17.5	24.7	21.1	21.4	0.4	88	89
19.7	24.9	22.1	22.1	0	90	92
19.2	28.5	22.9	22.1	0	84	91
16.4	27.2	22	22	0	82	83
20.4	26.3	22.7	21.8	0	83	89
17.2	24.5	21.1	20.9	3	90	94
20	28.5	23.2	22.8	5	86	91
20.8	27.1	23.3	22.9	4	90	94
19.2	28.5	24.2	23.2	0	81	84
18.4	23.8	19.6	19	18	87	88
16.6	18.6	17.6	17.7	0	94	95
16.4	20.4	18.6	18.7	0	88	88
16.2	22.7	19.9	19.6	0	87	91
17	26.7	20.8	19.7	0	82	90
15.8	27	21.2	19.8	0	81	89
18	26.9	21.4	20	0	85	92
18.1	26.6	20.7	20.3	0	88	94
19.2	25.5	21.3	20.9	0.1	91	94
18.8	28.2	22.6	21.5	0	88	93
19.4	27.5	22.5	21.4	0	84	86
13.4	21.4	16.3	16.8	0.1	79	80
8	15.7	13	13.2	0	69	70
11	14.9	12.7	12.6	0	80	83
11.1	19.5	14.3	13.3	0	78	82
7.8	20.7	14.1	13	0	80	86
8.8	21.8	14.3	14.9	0	83	90
12	23	17.2	17	0	79	83
13.5	24.9	18.8	18.5	0	78	81
15	24.6	19.4	18.8	0	81	87
13.4	20.4	17	17.1	0	87	89
13.5	20.8	17.6	17.1	0	85	88
14	22.3	17.3	17	0	85	88
13.5	24.1	18.6	17.9	0	81	87
13.8	25	18.7	19.1	0	86	88
17	23	19.6	19	0	77	79
15.9	18.6	17	16.9	0	81	84
15	22.6	18	17.5	0.4	84	89
13.5	21.5	17.6	17.4	0	83	85
15.9	22	17.7	16.8	0	86	89
12.9	20	16.4	16.7	0.2	91	95
14	22	18.5	18.2	0	87	91
17.7	28.5	21.9	22.5	0	79	75
15.6	23.6	18.4	18.4	0	59	58
12.6	19.5	15	14.2	0	63	66
7.3	22.9	14	12.8	0	76	86
8.6	20.9	14.8	15.7	0	81	81
15	19	16.6	16.3	0.6	89	90
14.6	17	15.7	15.6	4	93	94
10.8	14.6	12.8	13	0.2	92	93
11.9	16	13.7	13.6	0	90	92
12.8	18.6	15.2	14.7	0	91	94
12.2	24.8	17.4	15.7	0	84	94
11.5	23.6	17.4	16.7	0	85	91
15.9	21.5	18.5	18.3	0	84	86
17	21.6	18.5	18.1	0	87	90
12.6	18.3	15.6	16.4	9	93	94
11	15.6	12.7	12.3	0	84	87
6.4	20.3	12.2	11	0	79	87
4.5	21.4	11.8	10.1	0	75	84
4.9	22.4	12.3	10.4	0	78	90
5	22.4	12.9	13.3	0	80	85
8.5	24.8	15.9	14.9	0	77	83
11.3	21.2	15.7	15.4	0	86	90
15.8	21	17.5	17.5	0.1	88	92
14.5	19	17	17.4	0.3	88	92
9.4	15.5	13	13.8	0	74	80
4	22	12	11.7	0	74	83
8	22	13.7	11.5	0	76	86
7.4	21	13.2	12.4	0	74	83
6	21	13.1	11.3	0	74	86
7.9	21	14.9	14.4	0	77	81
8	23.2	15.7	16.6	0	77	75
11	26	19.9	19.8	0	77	83
14.2	27	20.2	19.2	0	82	88
13.6	31	20.9	19.2	0	78	85
16	25.8	19.8	18.9	0	78	81
16.8	26	20.6	20.4	0	63	62
13.8	23	17.9	17.7	0	64	68
10	23.9	16.5	16	0	69	74
8	25.2	16	16.2	0	72	74
7.7	27.6	17	16.6	0	74	82
11.4	27.6	19	19.6	0	69	68
10	21.2	14.6	13.4	0.6	75	72
7.1	18.1	11.9	10.3	0	71	83
3	20.1	10.7	11.1	0	70	76
3.5	20.8	12.1	10.5	0	63	72
3	20	11.8	12.4	0	67	72
6.2	23.4	14.1	13.3	0	69	74
6.2	25	15.6	15.6	0	71	80
10.4	28.4	18.2	17.5	0	72	76
13.4	30.5	20.7	20.3	0	72	76
15.8	31.6	22.5	20.6	0	72	81
15.4	33.2	23.5	22.6	0	71	73
15	35.6	23.8	20.8	0	63	72
15.9	22.6	17.9	17.8	0	71	78
14.8	26.1	18.7	16.8	0	66	76
10.5	28	18.5	18.6	0	71	78
15	21.6	18	18.1	0	45	38
12.2	20	15.1	14.2	0	52	54
9.2	21.9	14.8	13.3	0	61	65
7.3	29	17	17	0	66	70
12	28.3	19.5	19.2	0	64	67
17.2	22	19.4	19.7	0	60	60
13	17.2	14.7	14.5	0	66	71
10.8	23.5	16.3	15.9	0	58	57
6.7	26	16.1	15.6	0	58	61
9.1	29.7	18.7	19.8	0	60	64
13.5	31.7	21.7	21.3	0	64	69
14	33	22.5	21.1	0	65	68
13.8	34.1	23.4	21.7	0	62	63
14.1	35.5	24	23.1	0	60	61
15	33.4	23.1	23	0	62	61
15.8	35	23.9	23.3	0	62	62
14.6	36.8	25.5	24	0	59	59
14.5	31.6	22.9	22.2	0	57	50
15.2	21.6	17.5	17.8	0	45	46
12	22.5	17	16.2	0	56	60
8	24.2	16.1	15.2	0	59	62
6.8	27.1	17.3	17.2	0	57	59
8.2	29.6	19.3	19.4	0	58	58
14.4	30.6	22.3	23.5	0	58	59
16.3	33.8	24.3	23.5	0	61	63
16.3	35	25.3	24.2	0	61	64
17.8	37.5	27.2	27.5	0	60	60
20.6	35	27.4	27.1	16	63	61
19	34	25.8	25.4	0	75	78
21	34.2	27.2	27.6	0	66	67
21.6	29.6	24.6	25.3	0	68	66
19.2	25.6	21.9	21.2	0	62	66
15	32.1	22.7	23	0	70	75
18	36	26.5	26.7	0	65	64
16.5	28.6	19.1	18.4	0	47	48
14.6	20.4	17.4	17.5	0	46	46
12.8	26.4	18.3	17.2	0	53	54
15.6	26.7	20.1	18.7	0	59	61
15	20.6	17.8	17.7	0	75	79
16.9	27	20.8	19.9	0	54	49
16.6	30.6	22.8	24	0	53	49
15.1	29.6	23.4	22.9	0	50	53
17	29	22.9	22.6	0	61	62
18.2	31	23.7	23.8	0	55	54
20.6	29.6	24.2	23.2	0	46	46
14	31.4	23.1	23.4	0	53	46
11	33.4	22.9	23.3	0	53	48
15.8	35.2	25.4	26.2	0	49	44
20.5	28	22.8	22.6	0	52	52
13.3	33.8	22.6	23.1	0	62	64
16.2	26.2	20	20.1	0.7	73	74
15.9	19.8	17.8	17.4	0	77	77
15.4	23.4	19.1	18.1	0	76	81
15.3	34.2	23.9	26	0	62	51
19.8	33.6	26.3	26.6	0.5	63	66
20	30.6	25.4	26	0	64	68
21.5	29.7	24.4	23.2	0	65	67
21.3	32.5	25.8	24.1	4	69	75
19.4	39.3	28.5	28.3	0	65	64
23	35	25.7	25.8	0.1	49	50
18.8	25.5	22	21.9	0	63	61
19.2	31.7	24.9	24.9	0	61	61
19.8	39	29.1	29.9	0	55	54
22.4	40.5	31.4	33.3	1	54	48
16.7	33.8	21.1	18.8	0.9	62	62
14.5	23.5	18.7	18.9	0	66	64
16.8	28.2	21.2	19.6	0	62	67
17.6	33.4	24.6	25.7	0	58	56
19.4	36.9	28.2	29.2	0	59	59
23.4	38.5	30.3	31.5	0	57	52
21.4	43.3	33.2	33.3	0	43	42
25.9	38	31.2	31.3	19	57	54
22.1	40	30.3	29.9	0	60	61
22.8	34.2	26.1	26.1	2	62	58
19.8	24.4	21.3	20.7	0.1	85	89
17.9	33	25.4	26.1	0	69	65
20.6	35.4	27.6	25.5	17	63	70
20.1	32.5	25.6	25.7	0	75	75
20	35.4	27.9	28.3	0	66	63
20.7	37.7	29.4	28.2	0	58	61
20.4	39.8	30.5	31.6	0	51	41
21.3	41	31.3	34.1	0	48	37
22.6	39.7	31.7	32	0	49	48
23.4	40.9	31.9	32.4	0	54	52
24.1	33.7	28.1	27.9	0	63	63
23.5	36.7	29.1	27	16	67	76
20.1	26.6	22.6	23.3	6	90	93
18.8	24.8	21.3	21.2	3	87	85
16.4	24.1	20.2	19.8	3	87	93
16.7	22.6	19.4	19	0.2	77	81
16	29.6	22.6	22.5	0	64	67
15	34.9	25.7	27.2	0	67	66
22	35.5	28.7	28.4	5	66	63
22.7	34.2	27.5	26.5	0	64	65
20	34.4	27.6	27	0	64	64
22.5	37.1	29.8	30.6	0	62	58
22.6	33.6	27.9	27.3	0	67	66
19.8	32.8	25	24.1	18	75	80
15.9	22.5	18.6	18.5	0	85	89
14.4	29.2	21.6	20.9	0	69	71
15	33.7	24.5	23.5	0	62	66
16.8	35.5	26	25.5	0	58	60
18	34.6	25.7	24.9	0	58	60
19	34.5	26.9	27.2	0	62	59
19.2	39.5	29.1	28.1	0	56	57
22.8	30.6	25.7	25.6	11	71	69
19.6	27.5	22.2	21.6	2	87	90
18.6	25	20.7	20.1	0.8	88	92
19.7	29.8	24.3	24.5	0	73	70
18	32.2	25.8	25.5	0	75	78
22.5	28.5	25	24.6	0	76	79
22.1	29.3	25.3	25.2	0	73	73
20.4	28.3	23.9	23.3	6	84	87
19.6	33.5	26.2	26.6	0	73	73
22.9	39.9	31.2	32.1	0	62	62
20.2	33.6	23.3	22	0.2	67	68
16	24.5	19.7	19.7	0	73	74
18.3	27.2	22.6	22.2	0	61	64
13.8	35	24.9	23.6	0	55	54
15.5	37.3	26.1	25.9	0	51	48
17	38.6	27.6	27.6	0	49	45
17.4	41.3	30	29.9	0	50	43
21.3	42.4	31.2	31.6	34	49	45
21.6	32.4	25.9	26.1	0	75	76
22	35.5	28.5	28.5	0	69	69
23.4	37	27.9	26.7	5	70	71
20.4	25.1	22.1	21.8	0.5	88	88
20.4	30.3	24.4	24.9	0	81	82
23	28	24.5	24	16	90	91
21.4	24.9	22.7	22.4	6	95	96
19.5	27.8	24.4	24.5	2	91	91
22	28.3	25.3	25.3	18	81	78
20	27.4	22.9	22.3	0.2	88	91
21.5	30.5	24.1	23.5	0.4	84	88
19.5	33	26.6	27.3	0	74	71
22.6	35.8	29	29.4	4	71	70
21.2	31.2	23.7	23.8	0.2	77	78
17.6	22.1	19.6	19.7	0	82	81
17.8	27.6	22.1	22.7	0	67	63
17.5	31.3	24.4	25.7	0	63	61
19.3	34.5	27.1	26.7	0	64	70
22.4	37.8	29.6	29.8	0	65	67
23.2	36.8	29.9	28.5	0	71	72
25	33.9	28.3	28.3	43	76	74
21.8	32.5	26.4	26.4	0	81	82
22.9	35.2	28.3	26.3	41	75	84
20.6	34	26.8	27.4	0	75	75
22	36.4	28.5	26.3	29	75	78
17.8	23	20.6	20.7	0	74	78
19.2	28.4	23.1	22.8	0	69	72
16.9	32	24.9	24.5	0	73	78
20.4	34.8	27.4	28	0	72	75
23.5	35.5	28.9	28.6	0	76	79
24	34.7	27.3	26	24	83	89
22.6	32	26.4	25.5	0	80	86
22	34	27.7	27.7	0	78	83
24.1	36	27.6	25.9	4	80	85
20.6	34.2	26.1	23.9	32	77	86
22.2	31.5	25.8	26.2	0	83	84
22.2	32.5	27.5	27.7	2	78	78
22.2	29.4	24.7	24.3	29	88	90
21.2	31.2	24.9	24.7	0	83	89
21.5	33.6	27.4	27.3	0	77	77
22.4	33.8	26	24.8	12	84	89
21.6	30.3	24.8	24.8	0	86	90
23.3	32.4	26.7	26.1	0.7	84	91
20.6	26.3	23	23.2	8	90	93
19	30.2	24.7	24.8	0	78	81
21.9	32.4	26.1	25.4	0	79	86
22.8	33.5	27.3	27	0	78	82
24.3	33.5	27	25.5	2	80	81
20	33.6	26.5	25.7	0	71	78
21.4	35.6	28.2	28	0	71	71
21.9	33.6	27	26.9	0	76	80
22.2	36	28.5	27.9	33	73	78
22	31.2	25.8	25.7	0.6	79	79
22.5	30.3	25.6	24.9	0	80	84
23	31.7	27	27.1	0	76	78
23.8	35.4	29.1	28.9	0	72	78
24.4	36.7	28.9	27.2	0	75	74
23.2	36.6	29	29	0	74	77
24.4	37.1	29.1	28.2	0	75	82
23.3	37	28.2	26.2	13	76	85
21	34.1	26.9	26.6	0	78	82
22.4	34	26.5	24.8	5	79	86
21.7	34.6	27.3	26.8	5	72	79
22.6	33.6	27.4	26.5	0	76	82
20.3	32.6	25.3	25	3	79	85
19	30.5	23.8	24	0	77	79
20	33	26.1	27.3	0.1	74	74
23.1	28.8	25.3	25	3	82	83
22.2	29.8	25.4	25.5	0	82	86
22.8	31.4	26.4	25.6	31	81	89
22	27.5	24	23.8	40	91	96
22.4	32	26.1	25.5	0	79	85
23	34	27.7	27.2	23	77	81
19.6	29.2	22.6	22.3	0	81	84
20.4	26.1	22.5	22.2	0	80	79
20	28	23.1	22.2	0.1	80	86
20.6	29.4	23.9	23.5	0	84	91
22.7	30.6	25.9	25.2	0	81	86
22.7	34.6	27.7	26.9	0	77	82
22	35	27.6	27.9	0	76	80
23.5	30.7	26.9	27	64	79	82
19.6	25.6	22	22	3	91	94
20.7	25.8	22.8	22.2	5	92	95
21.8	31	25.3	25.8	0.3	86	90
23.7	34	27.9	27.1	0	80	86
24	34.1	28.4	28.3	76	79	81
21.2	29	24.3	23.4	5	88	92
22.1	29.6	25.1	24.8	12	88	92
23.5	32.2	26.7	25.5	5	86	92
23.8	33.8	27.9	27.3	65	82	87
21.3	34	26.3	26	0	80	80
23.4	33.6	27.4	26.5	0.2	78	78
23	33	27.5	26.8	0	81	86
23.7	33.8	28	26.8	0.7	79	85
24.2	37.7	28.7	27.2	0	76	84
24	34.6	28.5	28.1	0	77	80
24.1	34.1	28.7	28.4	13	77	81
22.9	29	25.2	24.7	0.6	86	88
22.4	29	25.2	24.9	0	87	90
23.8	31.4	26.5	25.5	0	85	90
23.3	32.9	26.8	26	0	83	90
23	33	27.1	26	0	82	83
21.4	34.9	27.3	27	71	73	76
19.8	32.5	25.1	24.2	41	83	86
17.5	24	19.5	18.8	10	93	93
17.6	22.5	19.7	19.4	0	87	89
18.8	26.4	21.4	20.1	4	84	91
18.6	25.8	20.6	19.6	12	90	95
16.7	21	18.4	18.3	0.3	91	94
17.2	20.7	18.7	18.8	0	85	85
17.8	24.7	20.7	20.3	0	84	92
16.7	28.5	21.4	20.1	0	85	92
17	30	23.1	24	0	83	86
19	25	21.5	22.2	1	91	92
16.5	27.2	21.7	22	0.2	83	87
20.8	29.7	24.6	24.9	0	83	88
22.6	31.5	26.3	25.5	0	82	86
21.8	33	26.8	26.5	4	79	77
21	27.4	22.8	22.6	0	86	89
19.6	26	22.5	22	0	85	88
20.2	28.4	23.8	23.7	0	77	79
20.4	28.5	23.9	24	0	78	82
21.6	27	23.8	23.5	28	84	87
21.2	29.5	24.2	24.1	0	87	90
21.3	32	25.7	26	31	84	89
20.4	28	23.4	22.8	0	87	90
20.2	28.6	24	24.3	0	88	92
22.2	31.8	26.1	24.9	0	84	91
21.4	31	25.5	24.7	0	81	84
21.4	30.4	25.2	25.4	0	83	89
20.7	30.7	24.9	24.5	14	82	84
17.2	26	21	20.2	0	88	92
18.4	25	20.9	19.8	0	91	96
19.6	27	22.5	22	0	84	89
20	23.4	21.3	21.1	0.6	87	88
17.6	20.5	18.9	19.2	4	96	97
17.6	22.3	19.6	19.9	0.4	91	95
18.8	24.2	21	20.9	0	89	93
19.4	27.2	22.8	22.5	0	82	86
21.3	25.2	22.6	22.1	11	90	93
20.2	25.8	23	22.7	2	90	91
20.5	25.9	22.1	21.7	4	92	95
20.4	27	23.2	23.3	0	87	91
21.7	29.8	24.7	24.5	1	85	89
22	30.5	25.5	24.6	0	86	92
20.8	30.6	24.7	24	0	86	91
16.5	24.8	18.7	17.6	0	76	80
15	20	17.2	17.2	0	79	78
16.2	19.4	17.4	17.2	0.5	90	94
16.8	19.9	17.8	17.2	0	89	91
15.8	20.2	17.6	17.3	1	86	90
15.4	20.8	17.9	18.4	0	86	89
16.5	24.2	19.2	18	0	85	92
15.4	26.9	20.1	19.3	0	81	88
16.5	25	20.1	19.4	0	80	86
15.8	21	18.1	18	0.2	87	90
15.9	20	18	17.8	3	94	96
16.9	22.3	19.3	18.9	0	91	95
17.5	22.6	19.5	18.8	1	93	96
15.8	26	20.1	19.1	0	87	94
17	24.6	20.3	20	0	88	92
17.2	27	21.4	20.9	0.2	86	90
18.6	25	21.1	20.7	0	91	93
18	27.9	22.4	22.7	0	83	82
16.2	28.1	22.2	22	0	84	88
19	28	22.6	21.6	0	86	92
18.2	29	22.6	21.8	0	84	91
18.7	23.4	20.7	20.8	1	91	93
14.5	18.9	15.8	15.8	9	96	97
14.6	19.9	16.6	16.4	9	95	98
14.9	19	17.1	17.1	2	95	96
15.5	21.5	17.7	17.7	0	86	84
15	18.6	17	17	0.1	90	90
15.3	22.2	17.4	16	0	86	94
13.9	20	16.8	16.9	0	89	93
15	21.3	17.4	16.7	0	82	91
9.5	22.4	15.7	15.4	0	83	87
15	25.1	19	17.1	0	83	90
12.8	26.5	18.9	17.8	0	83	92
15.2	28	20.4	19.9	0	84	91
14.2	29	20.9	19.6	0	85	91
17.6	29.3	22.3	22.4	0	83	87
19	24	20.5	20.4	0	92	93
19.8	25	21.7	21.2	0	88	92
19.2	26.6	22	21.1	3	84	84
16	21.2	17.6	17.4	3	89	91
12.8	18.4	15.4	14.9	0	84	85
13.7	19.3	16.5	16	0	86	88
13.8	22.3	17.9	17.1	0	79	84
14	22.5	17.3	16.4	0	76	85
6.4	21.9	13.6	12	0	79	88
7.7	22.2	14.4	15.1	0	79	82
13	20.6	15.9	15.4	0	67	70
5	19.9	12.5	12.3	0	77	82
6	21.6	12.7	12.3	0	78	86
7	23.3	14.1	12.6	0	79	89
11	20.6	15.3	14.8	0	82	88
13	15	14.2	14.5	0	83	83
10.5	16.4	13.6	13.8	0	77	77
12.2	14.5	13.4	13.5	0.6	89	90
13	17.4	15.4	15.7	0.8	94	94
14.8	18.1	16.8	16.7	0.4	96	97
15.3	21.2	18.2	17.9	0	93	94
17.5	20	18.5	18.1	0.8	95	96
14.3	24	17.6	15.9	0	87	95
13	21.1	16.3	16.4	0	87	90
15.4	22.2	17.9	17.5	0	85	89
13.2	19	16.1	16.8	0.1	87	88
12	15.5	13.6	13.6	0	81	81
10.2	15.6	12.9	13.1	0	78	80
10.3	19.4	14.4	13.6	0	81	86
13.2	19.8	15.2	14.3	0	77	88
5.8	22.5	13.5	12.6	0	80	89
8	24.5	14.8	13.5	0	77	84
9.8	24.3	16.1	16	0	81	85
16.2	23.3	18.8	18.4	0	76	80
14.5	24.1	18.4	17.6	0	81	86
10.4	21.3	16.3	16.5	0.1	80	79
12.2	17.2	14	14.1	0	72	69
10	17.5	13.1	13	0	77	82
12.5	18.2	14.5	13.4	0	76	82
6.5	22	12.9	11	0	77	83
6.5	24.4	14.3	14.1	0	80	89
13.6	25.4	17.7	15.9	0	76	84
12.5	17.1	14.2	14.3	0	79	83
9.8	19.3	13.7	12.7	0	72	79
7	22	13.8	14.8	0	69	74
9.5	22.4	15	13.6	0	71	79
7.8	23.6	14.4	12.4	0	75	84
7.5	25	14.8	13.2	0	75	85
7.2	25.7	15.5	16.3	0	76	80
10.5	28.2	18.8	18.7	0	76	82
12.5	31.8	21	20	0	75	81
14.4	31.5	21.8	21.9	0	75	80
20	29.8	23.9	22.5	0	73	77
16.4	30.7	22.9	21.3	0	71	71
14	28.6	21.5	21.8	0	68	71
15	32.6	22.8	21.5	0	72	78
15.8	31.6	22.9	22.3	0	74	79
20.4	27.6	23.4	23.3	0	73	77
19.4	27.2	23.4	22.8	0	74	79
16.8	31.8	23.9	23.9	0	78	83
17.2	34.2	25.2	23.2	0	72	76
18.4	24.5	21.2	21.2	0	79	82
17.6	21.8	19.5	19.9	0.6	87	89
13.1	19	15.8	16	0.8	82	85
14.4	17.8	15.6	15.5	9	90	92
14	15.9	14.8	14.8	6	96	97
12.3	14	13.1	13.1	0.3	92	92
11.4	16	13.3	13.1	2	88	90
8	18.2	12.9	12.2	0	85	92
9.4	14.3	12.3	12.7	4	95	96
11.6	14	12.7	12.9	2	94	94
6.8	24.9	14	13.4	0	75	82
8	25.6	16.9	18.1	0	69	68
13.8	28.4	20.6	20.4	0	66	70
12	29	20.5	21	0	71	74
15.6	35	24	24.3	0	66	65
18.1	25.7	19.9	19.7	0	57	61
15.2	23.3	18.2	16.8	0	60	66
8.9	29	18	17.9	0	68	75
11.5	33	20.9	19.9	0	65	65
11.3	31	21.5	21.9	0	62	67
13	32.5	22.1	20.8	0	66	69
13.6	34.6	22.5	20.3	0	64	70
13.9	35.9	24	22.3	0	64	69
15.5	36.8	25.1	23.6	0	62	62
18.4	31.4	24.3	23.2	0	63	57
18	25.1	21.4	21.3	0	58	60
18.6	22.2	20.2	20	0	58	59
17	25.5	20.9	20.5	0	57	61
17.4	23.5	20	19.8	0	64	62
13.2	28.5	20.8	19.9	0	65	70
11.5	33.9	21.6	20.8	0	63	65
13	32.2	22.8	21	0	55	60
13.2	34	23.3	23.4	0	60	60
16.5	25	19.4	19.6	0	65	61
12.4	21.5	16.6	16.4	0	54	55
9.6	25.5	17.8	16.1	0	52	55
7.4	27.8	16.9	15.4	0	56	59
8.2	32	19.6	19.9	0	56	57
12	36.3	23.4	24	0	55	55
14.4	36.4	25.3	23.8	0	54	54
14.6	31.6	23.7	22.7	0	48	50
14	33	22.2	21.9	0	54	63
17.9	28.8	23	23.1	1	64	67
17.5	32.6	25.1	24.7	0	66	72
18.2	36.6	27.1	27.4	0	64	65
21.5	29.3	25.4	25.2	0.2	70	72
16.2	25.2	18.6	18	0.2	84	83
14	23.3	18.2	18.1	0	79	78
17.7	21	18.9	18.6	0	75	78
14.1	21.8	18.6	18.9	0	72	75
16.4	27.4	21.1	19.8	0	65	71
14	32.7	22.8	22.6	0	63	65
16.4	35.1	25.3	26.7	2	58	53
18.6	27	21.3	20.6	1	79	86
17	35.4	25.5	25.4	0	69	71
20.2	33.7	24.2	23	2	65	66
15.6	23	18.1	18.3	0	70	68
14.2	23.5	18.7	18.5	0	67	69
12.2	32.8	22.9	23.2	0	61	62
14.6	36.5	25.3	26.7	0	60	54
22.4	34.5	26.8	25.6	0	58	58
16.4	23.9	18.1	17.4	1	79	86
15.2	23.2	18.2	17.9	0	73	73
15.8	21	17.7	17.8	0.1	53	56
12.3	19.2	15.7	15.5	0	66	68
13.5	21.8	17.4	17.3	0	61	62
11.1	32.1	21.9	22.3	0	54	50
13.5	35.8	24.7	24.5	0	57	58
16	32.5	25.2	25.3	0	44	33
17.4	29.5	23.3	23	0	45	43
19.9	25	21.7	21.6	0	46	44
15	29	21.6	20.8	0	50	48
14.5	29.4	22.1	21.6	0	54	58
16.7	33.9	25.1	25.5	0	55	48
20.3	36.4	27.3	28	0	51	48
23.4	35.9	29.3	28.9	0	45	39
24	31.6	27.4	27.3	0	39	40
22	34	27	25.8	0	50	53
21.4	38.5	29.4	30.6	0	51	48
24.5	32.8	25.9	25.6	0	57	56
21.4	25.6	23.5	23.3	0	72	72
21.4	29.1	24.6	24.6	0	75	78
20.6	35	28.1	29	6	63	62
18.4	29.9	20.3	20	7	89	89
18.4	22.6	20.4	20.5	0	87	87
19.5	22.2	20.4	20	20	89	91
17.1	20.6	18.8	19	7	94	96
18	20.2	18.9	18.8	12	96	98
17.9	22.9	19.6	19.2	0.2	87	90
18.1	25.7	21	20.6	0.4	76	78
17.9	26.4	21.3	21.4	0	75	75
19	24	21.5	21.3	0	82	82
19.5	30.3	23.3	22.2	0	79	84
19.5	33.6	25.8	25.4	0	73	78
22.6	36	27.5	26.2	2	67	64
19.2	25.7	21.6	21.4	4	85	86
18.5	29.8	22.9	21.4	0	86	90
22.8	32.4	26.7	25.3	0	67	73
20	32.5	25.5	24.5	0	61	70
20	35.5	27.4	27.3	0.4	61	60
21.6	37.8	29.4	28.8	0	62	63
24.9	38.2	29.8	27.5	6	66	72
23.3	29.6	25.5	24.6	0	79	83
20.9	39	27.9	27	0.3	66	70
17.6	28.2	21.2	21.3	0	49	53
14.2	31.4	22.4	22.4	0	58	58
19.5	34.9	27	26.6	0	51	50
22.4	35.5	28.6	29.4	0	58	59
23.6	31	27.8	27.9	0	62	62
24.6	36.7	30	30	0	62	61
24.2	41.9	32.3	32.9	0	58	56
23.4	37.1	28.1	26.5	10	67	67
19	27	23	22.4	0	73	78
20.3	25.3	21.7	21.5	0	74	74
18.3	27.4	22.2	22.8	0	73	78
20	27.7	23.9	24.4	0	70	71
21.3	33.9	26.6	25.7	0	65	70
22	36.2	28.1	27.2	0	65	69
24.8	38	28.8	26.7	22	69	75
19.2	30.7	23.3	22.7	7	85	89
17.3	29.5	23	22.7	0	73	81
21	29.4	24.7	24.6	0	73	76
18.5	33.3	26.5	27.6	0	71	73
23.1	35.2	27.1	26.4	0.4	69	71
20.4	29.5	24.2	24.9	0	77	76
23	36.9	29	29.3	0	65	63
23.6	39	30.8	30.7	0	63	63
23.8	36	30.2	29.7	0	64	65
25	38.5	30.8	29	2	65	66
23.4	33.6	28	28.3	0	69	66
23.4	35.8	29.1	30	0	65	66
23.5	39.7	31.2	31.6	0	63	58
23.2	33.6	27.4	26.9	16	64	66
18.2	23.2	19.6	19.8	0	84	83
18.4	27.5	22.5	23.3	0	76	78
21.4	27.9	24.5	24.8	0	75	74
23.4	35	27.9	27.5	0	71	72
23.4	39.5	30.6	30.8	0	63	57
22.9	32.4	24.7	24.7	4	76	76
20.1	32	25.8	27.2	0	74	69
22.2	33.6	28	27.7	0	73	77
23.9	38.2	29.3	27.2	1	70	79
22.7	27.7	24.5	24.7	11	88	88
21.4	35.6	27.3	27.6	0	76	78
22.7	39	30.1	27.7	0	64	61
22.1	34.5	26.3	24.6	30	74	73
21.6	31.4	25.9	25.8	0	79	82
23.2	34.1	28.5	29.2	0	73	73
22.9	35.9	28.8	27.6	0	69	74
22.6	35	28.5	28.4	0	73	75
23.4	37	27.4	25.6	97	80	88
22.4	32	26.1	25.9	0.6	81	81
23.8	34.5	27.9	27.3	0	76	79
24.9	34.1	28.4	27.4	164	79	85
21	30.5	25	25.3	27	85	90
21.8	34.4	26.6	25.9	0	79	83
23.6	35.4	28.8	29.4	0	74	75
24	37.1	30	29.9	13	68	69
21.6	30.9	24	23.6	36	90	93
18.8	31.8	25.5	25.4	0	79	85
21.8	35	27.7	26.9	0	74	77
23	31	25.8	25	0	82	88
23.2	32.4	26.3	25.9	16	84	87
20.9	33.4	26.5	26.3	0	78	86
22	35.2	28.3	27.1	0	72	81
21.5	36.2	28.5	27.2	0	70	78
21.2	36.2	28.3	27	0	67	72
21.2	37.3	28.4	27.1	0	68	72
20.8	37.4	28.9	27.5	0	66	72
20.6	38	29.1	28.5	0	66	72
24.4	34	28.7	28.1	0	63	65
22.9	28.6	25.2	25.6	0.1	80	81
21.5	28	23.9	23.8	0	79	81
23	29.8	26.1	26.2	0	76	79
22	37	29.8	30	43	72	74
21	30.6	25.2	25.1	6	82	81
20.5	29.9	24.6	24.6	0	79	82
22.3	29	25.3	25	7	74	78
21	29.6	24.4	24.2	0	82	83
20	27.8	24.5	24.5	3	80	82
22.2	32.8	27.1	27.1	19	79	81
21.5	30.8	26	26	2	82	86
22	31.5	25.7	25.9	2	87	90
23.8	35.5	29	28.7	0	77	80
25	36	29.5	28.6	26	77	84
22.5	29.2	25.4	25.2	0	88	90
23	32.7	27	26.7	0	81	85
25	35.7	29.5	29.5	0	78	82
25.4	37	30.5	30.8	0	75	82
26.2	37	30.5	30.4	71	75	77
21.4	30.8	25.6	24.9	0.4	86	90
23.6	31.6	27.5	27.6	0	82	84
25.4	34.5	29.5	29.2	0	79	78
25.2	35.4	29.9	29.3	0	79	85
27	35.4	30.1	29	0	78	80
26.1	39	31.1	29.6	2	75	76
21.2	30.6	23.3	22.9	5	90	93
21.5	31.5	25.4	25.4	3	83	87
23	33.9	27.7	27	0	80	87
24.2	32.6	27.7	26.6	16	83	87
21.8	34	27	25.8	0	80	86
22.8	35	28.4	27.7	0	77	82
24.4	36	29.7	29.3	48	79	85
20.2	29.8	23.8	23.4	22	87	88
20	29	24.8	24.9	0	83	86
23.6	30	26.1	25.4	0.9	82	87
22.2	32.5	25.8	24.6	7	85	91
20.2	30.2	25.2	23.9	2	80	87
21.9	25.5	23.2	22.9	5	90	93
18.8	26.9	23.4	22.3	0.6	90	93
21	29.5	23.3	22.3	36	88	93
20	26.5	22.5	22.2	0	88	91
21.4	26.5	23.1	22.9	15	90	93
20.4	24.8	22.3	22	1	94	95
17	31	23.6	22.7	0	81	87
19	27.5	23.3	22.4	0	81	88
20.5	26.2	22.7	22.2	0	83	86
20.4	28	23.4	23	4	80	84
18.5	25.3	21.8	21.4	0	84	88
17.3	28.6	23.2	23.9	0	81	87
21.1	32.5	26	25.8	0	78	82
22.9	34.4	27.8	27	0	77	83
21.8	36.5	28.5	27.3	0	75	81
21.8	34.8	28	26.5	0.6	76	77
17	29.8	18.7	18.8	4	91	93
16	19.3	17.5	17.5	1	93	95
16.9	24.2	20.1	19.9	0	85	91
18.7	26.3	22.1	21.7	0.2	82	87
19.2	25.6	22.3	21.8	0	85	87
17.5	29.3	22.2	21.3	3	87	92
19.5	23.9	20.9	20.8	0	83	83
18.4	25	21	20.6	0	75	77
18.8	24.2	20.8	19.8	0	80	83
16	28.5	21.6	22.2	0	80	83
19	29	23.5	23.2	0.4	79	83
21.6	27.4	23.8	23.4	0	87	89
22.4	30	25.9	25.7	0	83	87
22.6	34	27.7	27.7	0	80	83
23.2	34.5	28.2	27.7	0	78	83
25	31.8	27.9	27.1	0	77	81
24	33	27.5	26.5	0	81	87
23.4	32	27.1	26.5	0.2	82	86
20.5	26.6	23.3	23.5	0	81	82
20.6	28	23.8	23.8	0	81	83
23	28.2	24.9	24.3	0.8	84	86
22.2	24.6	23	22.9	20	94	95
18.6	23.3	20.7	20.5	4	92	95
18	22.5	19.7	19.5	3	89	89
17.1	20.3	18.3	18.4	0.1	90	92
17.6	24.7	20.6	20.9	0	85	88
20	26.5	22.5	22.7	0	88	93
22	28.5	24.7	24.5	0	87	92
21.5	31	25.9	25.5	0	85	92
22.8	33.5	27.4	27.3	2	80	84
18	27.6	21.1	20.3	6	92	94
16.1	18.2	17.1	17.1	3	96	96
15.9	22	18.3	17.9	0	86	90
13.5	26.8	19.6	19.2	0	84	92
17.2	25.8	21	20.7	0	82	89
18.2	28	22.2	20.5	0	82	91
18	29.1	22.6	21.3	0	83	88
12.7	22.7	16.3	15.6	6	86	88
11.3	18	13.3	12	0	75	75
7	20	12.5	10.9	0	76	88
7.8	21	14.2	15	0	74	81
9.2	22.8	15.6	15.3	0	74	80
13	17.2	14.6	14.6	0	80	86
8.2	23	14.6	15.1	0	81	89
12.4	24.6	16.9	17.2	0	76	75
15.8	22.5	18.2	17.1	0	75	83
12.9	22.8	17.4	17.3	0	82	88
16.9	21.4	18.5	18.2	0	85	88
16.5	23	19.1	18.8	0	83	88
17.4	22.5	19.3	18.7	0	81	86
16.4	23.7	19.7	19.6	0	80	84
17.5	22.8	19.5	18.9	0	86	88
17.8	21.4	19	18.8	6	89	91
16.6	21.5	18.1	17.6	1	92	96
16.8	21	18.2	17.7	9	93	97
17.2	20.8	18.3	18.1	1	95	96
17.1	23	19	18.3	0	91	95
18.1	25.6	20.3	19	0	80	84
14.8	19	16.5	16.7	0.5	77	77
12.6	15.3	13.8	13.7	4	92	93
12.8	17.3	14.7	14.6	0	89	91
13.2	17.5	15	14.6	0	88	93
13.8	19.1	15.6	15	0	86	90
13.8	15.6	14.5	14.6	0	87	89
10.6	16.6	13.8	13.7	0	83	91
7.5	22.5	13.8	13.6	0	80	87
7.4	21.8	15.1	15.9	0	80	87
13	24.4	17.8	16.6	0	79	88
15.8	21.7	17.8	17	0	79	80
14.4	16.7	15.1	15.1	0	83	82
13.2	17.4	14.5	13.8	0	81	86
10.1	15.5	12.9	13.5	0	89	92
12	17.6	14.6	14.5	0	85	88
13.3	19.3	15.5	14.9	0	84	89
13.4	19.5	15.7	15.3	0	85	87
14.2	19.5	16.3	15.5	2	85	89
14	17.4	15.6	15.5	0	90	92
13	20.4	16.6	16.5	0	87	91
13.4	17.1	14.7	14.7	6	81	80
10.2	13.8	11.8	11.8	8	94	94
7.2	18.3	11.5	10.3	0	90	94
7.8	19.1	12.7	13.4	0	84	90
12	19.4	14.6	14.1	0	84	88
13.1	17.7	15	14.8	0	84	89
10.4	15.5	12.5	12.4	0	78	81
11.6	17.5	13.9	13.8	0	78	86
10.6	18.2	13.3	12.3	0	81	89
8.2	23.6	13.7	13	0	79	87
8.8	19	14	14.7	0	87	90
14.6	18.8	16.3	15.9	0	83	88
13.2	17.6	14.8	14.3	0	80	83
12.6	18.5	15	14.6	0	81	86
12.6	17.3	14.4	14	0	79	81
11.6	18.1	14	13.5	0	78	85
6.5	20	13.6	12.8	0	71	80
5.4	21.9	12.3	11	0	78	86
5.4	23.4	13	12	0	78	85
7.2	18.8	13.2	13.2	0	82	82
10.7	15.8	13	13.5	8	90	90
9.8	13	10.9	10.6	0.5	89	92
9.4	15.8	11.9	11.9	0	81	84
9.8	15.9	12.3	11.5	0	82	89
8.6	20	12.6	10.5	0	82	92
6	20.8	13.2	13.9	0	82	86
10.4	18.4	14.7	15.6	0	85	86
14.6	18.6	16.1	15.8	0	86	89
14	16.1	14.6	14.6	1	93	93
12.5	14.6	13.2	13.2	4	94	96
11	17.7	13.2	12.2	0	82	89
6.2	23.9	13.1	11.5	0	73	83
6.4	20.6	12.2	11.1	0	78	86
9.8	20	12.9	11.4	0	80	90
6.5	24.4	13.9	13.6	0	78	87
9	23.4	15.7	15	0	83	87
10.3	26.2	16.8	16.1	0	83	93
13.2	17.3	15.3	15.3	0.7	92	94
14.6	24.8	18.1	17.3	0	81	84
10.7	26.6	17.1	15.7	0	82	92
14.8	16.7	15.5	15.6	2	92	92
12.5	18.5	14.5	14	0	78	83
11.6	16.2	13.6	13.5	0	79	82
11	16.5	13.3	13	0	74	78
9.8	18.6	13.2	12.1	0	75	84
5.2	19.7	11.3	9.6	0	76	86
4.5	22.2	12.5	11.6	0	76	86
6.2	24.2	13.7	12.5	0	73	85
7.1	25.9	14.9	14.5	0	74	84
10	29	18.5	19.3	0	71	70
12.2	27.8	19.3	18.9	0	71	76
14.7	19	16.8	16.6	0	74	75
12	16.2	13.9	14.1	0	70	70
11.8	19.6	14	12.4	0	70	79
5.5	22.5	13.5	12	0	71	80
7.4	24.9	15	14.9	0	72	81
10.8	27.6	18.2	18.2	0	71	77
14.6	23	18.2	17.9	0	72	75
14.1	23.8	17.9	16.7	0	58	59
14.2	26.5	18.9	17.2	0	70	79
9.4	29	19.2	19.5	0	72	77
14.6	31.6	21.6	20.8	0	71	78
18.2	24.2	20.7	20.3	9	77	80
15.8	21.5	16.7	16.6	0.4	88	87
14.5	23.7	17.8	16.7	0	82	90
11.5	26.6	18	16.3	0	77	88
11.5	28	19.2	17.7	0	71	80
10	28.9	18.3	17.2	0	69	80
9.8	29.5	18.9	18	0	67	73
12	31.5	20.2	19.8	0	69	72
14.8	34.5	22.6	21	0	65	70
16	34.6	23.3	21.8	0	64	69
16.6	36.3	25.1	22.9	0	62	70
16.6	29	22.3	20.3	0	55	56
9.4	27.6	17.7	16.6	0	59	64
9.8	29.4	18.6	16.8	0	57	64
9.8	19.9	15	14.9	0	57	53
11	21.9	15.1	13.9	0	51	52
4	26	13.6	12.4	0	58	65
5	27.5	15.2	14.6	0	58	59
7.4	29.4	17.3	17	0	56	59
11	33	20.4	19.5	0	56	59
13.6	34.8	22.6	21.3	0	58	62
16	28.5	21.9	21.4	0	60	55
16.3	23	18.9	18.8	0.2	44	41
11.6	20.5	14.4	13.4	0.4	68	73
6.3	27.6	15.5	14.3	0	59	58
6.6	32.6	18.2	18.4	0	52	55
9.2	27.6	18.5	18.7	0	54	50
9.7	18.6	12.1	10.2	5	80	91
9	14.8	11.3	11.4	0	76	76
9.6	15.6	11.9	11.4	0	63	64
9.2	16.5	11.7	11.2	0	62	62
9.5	21	14	12	0	55	64
5.4	26	14.3	13.5	0	58	56
6.5	30.4	17	16	0	51	53
8	32.9	19.4	19	0	51	50
11.8	34.2	21.7	21.4	0	53	57
15.2	35.7	24.3	23	0	56	62
17.3	39.6	27.4	26.9	0	53	51
22.2	31.4	24.7	24.7	0	31	33
15	28	21.4	20.7	0	44	44
12.7	31.6	21.3	19.6	0	50	55
11.6	33.2	21.4	20.4	0	50	53
13	36.3	23.3	23.3	0	51	52
16.4	36.5	25.7	26.2	0	48	46
20	27.2	22.2	22.1	0	49	47
13	29.8	20.6	19.3	0	60	68
12.5	33.8	22.3	21	0	56	57
15	36	24.9	25.7	19	50	45
19.4	28	22.2	21.8	0	70	67
14.8	19.7	16.3	16.1	0	71	71
13.1	25.8	18.2	18.6	0	65	67
15.6	31.9	22.8	21.7	0	61	64
17.6	36.1	25.7	24.9	0	60	61
18	36.9	27.3	28	0.3	55	54
21	35.1	28.6	28.8	0	49	44
20	33	27.3	27.2	0.3	45	42
20.4	29.6	25.3	26.1	0	68	70
20.8	31	25.1	25.1	0.5	69	69
20	28.4	23.3	22.9	0.2	77	79
16.8	31	24	25	0.1	70	64
15.6	27.4	22.2	22.5	0	57	60
12.4	28.5	20.3	19.1	0	54	49
12	32	22.2	23.6	0	52	52
20	26.3	22.8	22.2	0	52	54
19.4	24.6	21.5	21.3	0	65	66
18	31	23.7	23.9	0	64	64
20.5	34	26.4	25.3	0	55	55
19.8	38	28.7	28.5	0	55	53
19.8	36.4	27.8	28.7	51	60	55
20	29.6	23.6	23.8	0	80	79
22.8	36.4	28.4	27.9	0	67	68
21.6	36.7	29.2	28.6	0	68	73
21.6	30	26.2	26.3	23	74	75
19	23	21.1	21.2	0	82	84
17.5	23.5	20.6	20.2	0	78	81
18.8	23.6	20.5	19.9	7	69	71
14.9	20.5	17.7	18.1	2	84	83
16	25	20.1	19.1	0	79	85
16	33	23.9	25.2	0	69	65
20.2	39.2	28.9	29.1	0	63	64
18.6	30.4	22.8	23.1	4	71	70
16.3	29.8	21.8	21.2	0	67	67
13	29.7	21.7	21.6	0	62	67
14.5	29.5	22.1	21.9	0	48	45
12.4	31.6	22.1	21.1	0	54	59
14	34.6	23.7	23.2	0	51	51
16	37.9	26.1	26.1	0	52	53
16.8	39.6	28.3	28.6	0	47	46
18.2	31.4	21.3	20.8	0	39	41
13.4	31.5	21.9	19.9	0	47	49
12	35.6	22.9	21.7	0	50	57
14	38	25.5	25	0	43	41
16.8	40.6	27.9	28.1	0	47	43
20.5	40	30.2	30.1	0	49	46
21.8	36	28.3	28.4	0	57	55
20	36.6	28.5	28.1	2	61	60
20.8	36	27.5	27.5	18	70	70
18.6	31	23.1	23.6	34	82	84
17.2	28.3	22.1	22.6	0	80	81
21.2	33	26.8	27	0	70	70
21.9	34.9	26.3	25.3	12	74	78
19	32.9	25	25	0.3	76	77
19.5	34	25.8	23.2	57	72	82
15.9	23	18.6	18.3	8	84	88
15.9	24.7	19.3	18.5	0	74	82
14.7	27.4	21.1	22.2	0	66	68
17.5	30.1	22.9	22.2	0	67	68
17	26	20.6	20.2	4	81	84
17.4	19.6	18.4	18.4	2	92	94
17.4	24.5	20.7	21.5	0.1	81	79
19.2	25.5	22	21.9	2	83	88
20.5	31.5	25.4	25.3	0	78	82
22.2	35.5	28.6	28	0	74	79
23.8	30.5	26.1	25.7	7	75	75
20.4	26.7	22.6	22.2	80	89	94
19.5	22.4	20.7	20.7	8	94	97
18.4	25	21.3	21.3	2	88	91
20.3	26.5	23.2	23.1	0	87	89
20.8	34.5	26.7	25.7	0	77	82
22.5	33.2	27.4	26.9	0	74	76
22.7	34.5	28.2	27.7	0	73	78
23.2	36.5	29.7	29.7	0.6	66	62
22.4	31.4	26.3	26	0	77	78
23.4	30.6	26.5	26.3	0.7	78	77
19.2	28.2	23.4	24.2	17	91	92
18	25	21.1	20.8	0.5	85	88
18.5	28.6	22.3	21.1	0	81	87
17.8	34.2	24.9	24.4	0	71	76
19.1	35.4	26.5	26	0	66	72
19.8	37	26.7	24.2	29	69	80
17.8	23	20.3	20.1	0.2	84	88
17.5	31.7	24	24.5	0	71	76
18	33	25.2	24.3	0	62	62
18	35.5	26.7	27.5	0	64	64
19.8	37.6	28.5	28.4	0	64	63
22	29.8	24.3	24.3	2	81	80
21.4	34.4	27.1	26.4	0	71	75
21.3	36.4	28.3	28.2	0	69	76
22.2	38.2	30.1	29.6	0	63	65
22.5	39	31.1	31.4	0	54	54
23	38.6	30.2	29.7	0	61	65
25	37.5	30.8	30.7	0	65	67
24.4	38.6	30.2	29.8	18	65	61
18.2	24.8	21	20.7	24	93	93
18	26	21.5	21.7	0	84	87
20.2	32.4	25.6	25.6	0	76	82
22.2	35.6	28	27.9	0	74	78
24	39.2	30.8	30.3	0	68	75
24.2	41.6	32.1	31.8	50	64	61
21.4	33.2	26.8	26.3	0	75	77
22.4	38.6	29.5	29.2	0	72	74
24.4	37.9	30.3	30	0	73	73
23.8	30.8	26.5	26.3	86	81	81
21	28.5	24.3	24.4	0.1	88	90
22	33.5	26.8	27	0	80	84
24.4	36.5	29.8	29.8	0	77	83
26	38	30.8	30.1	0	77	81
21.3	31.3	24.9	24.1	15	87	88
21	32	25	24.9	0	83	87
22.4	37.9	28.5	28.2	0	74	76
23.2	37.5	29.9	29.2	0	71	75
26	39.5	30.3	28.9	0	72	73
23.5	37.6	29.3	27.9	42	75	77
22.8	35.3	27.3	27.6	0	79	81
24.4	37.2	30	29.4	0	73	77
23.6	35.8	29.2	29.1	0	70	70
23.2	36.6	29.8	28.3	0	67	72
22.6	37.3	29.1	28.2	0	66	64
22.5	37	29.2	27.8	0	64	66
23.8	37.2	29.2	27.6	19	62	61
21	27.6	23.3	23.3	7	87	87
21.1	32.5	25.9	25.7	0	78	83
21.8	35.4	27.7	27.1	0	73	76
21.5	28	23.2	23.6	0	82	83
17.6	32	24.2	23.7	0	75	83
19.1	33.5	25.7	24.2	0	71	79
18.8	35.5	26.3	25	0	69	73
18.6	37	27.1	26.4	0	65	67
19.5	37	27.6	26.8	0	61	60
22	36	28.3	27.7	0.4	64	64
21.5	33	27.3	26.5	0	71	74
24.6	35.3	28.9	28.8	0	68	63
22	36.6	29.2	28.4	6	67	70
20	29.4	23	23.1	0	82	80
20.4	26.9	23	22.8	0	79	81
21.2	28	23.5	23.2	0	77	82
21.5	30.4	25.4	25.8	0	78	81
23	36.5	29	29	0	71	76
21.9	31.5	26.1	26.6	18	83	85
20.4	29.7	24.2	23.9	0	81	82
20.2	33	25.9	25.9	0	73	76
20.8	33	26.1	25.9	0	74	76
21.3	34	26.6	26.3	0	68	72
21	35	27.8	26.8	0	66	70
20.3	35.8	28	29	0	68	66
22.2	35.8	28.9	29.3	0	70	68
22.5	37.2	29.8	29.3	14	65	65
20.5	31.8	23.8	24.5	0	86	86
22	31.5	25.9	25.6	2	83	88
23	35	27.6	26.2	0	78	83
22.6	35.6	27.3	26.5	38	76	82
21	33.8	27.1	25.9	0	78	86
22.5	34	27.1	25.9	0	78	84
21.3	36	28.1	27.4	7	72	72
23	31.3	26	25.1	0	83	89
22.5	32	26.5	25.5	0	79	84
22.8	31.2	26.2	25.1	0	80	86
20	35.1	27.3	26.7	0	76	81
21.4	36.2	28.2	27.7	0	74	77
23.2	31.6	26.2	26	0	78	82
21	28.7	23.6	22.4	14	84	89
20.5	27.2	23.4	23.4	0	88	90
20.6	32.2	26.2	25.4	0	81	86
23	32	26.9	26	0	82	89
21.2	35.8	28.7	29.2	0	79	80
23.6	36.6	29.5	29.2	14	76	80
21.8	30.2	24.1	23.3	2	88	91
20	28.2	23.6	23.9	16	82	85
20.2	24.8	21.9	21.7	44	94	96
16.4	28.5	21.9	20.9	0	78	87
18.8	30.5	24	24	0	81	86
20.2	32	25.9	26.1	19	79	82
20	27.2	21.9	21.5	0.9	88	91
18.8	26	21	20.7	0	79	82
14.5	26.5	20.2	18.5	0	79	89
13.3	28	20.7	19.9	0	78	88
18.6	27.8	22.6	22	0	76	78
18.6	24.7	21.1	20.5	13	87	90
19	25.5	21.6	21.5	0.4	90	94
20.5	28.8	24.1	24	0	84	89
21.5	27.2	24.3	23.9	1	88	91
22.4	29.3	25	24.1	0.2	88	91
22.9	31	25.7	24.7	0	87	92
22.6	30.2	25.5	24.8	0.4	86	91
22.5	29.5	25.4	24.9	0.6	89	92
23.4	32.5	26.5	25.6	0	81	83
22	31.8	25.8	25.8	0	86	89
23	31.3	25.6	24.6	84	89	94
22.2	26.3	23.6	23.2	4	94	95
20	29	24.6	24.1	0.6	90	93
21.8	25.6	23.2	23.2	0.9	90	92
20.8	26.3	22.5	22	0.3	91	94
21	29.2	24.1	23	0	84	89
21.2	28	23.9	23.5	0	84	88
21.6	26.8	23.6	23.2	0	88	90
19.3	29	24.1	24.1	5	85	90
15.4	25.4	16.7	16.6	2	93	95
15.7	23.1	18.3	18	0	82	87
12	27.4	19	17.5	0	76	88
13	28	19	18	0	78	86
16.5	21.7	19.1	19.2	0	85	86
17.4	22.2	19.2	19.2	3	91	93
18.2	22.2	19.6	19.4	3	95	95
17	20.9	18.5	18.5	2	94	95
16	21	17.8	17.3	2	92	96
16.2	19	17.2	16.9	6	95	97
16.3	22.8	17.9	17.2	0	91	96
13.5	25.7	18	16.7	0	87	94
15	25.5	20.1	19.2	3	83	91
17.7	24	19.9	19.3	5	90	93
18.4	22.6	20	20.1	5	94	96
19.5	26.5	21.8	21	0	91	97
19.4	26.5	22.1	21.6	0.1	90	93
15.8	21.8	17.8	17.4	0	76	77
12.4	25.2	17.4	15.5	0	74	86
9.6	24.5	15.8	14.7	0	79	89
11.8	24.8	17	16	0	80	89
13	25	18.8	17.9	0	80	87
12	24.8	18.3	18.1	0	84	88
16	25.8	20.5	20.6	0	85	91
18	29.2	23	21.7	0	77	84
18.4	23.5	20.9	20.8	0	87	87
17.7	27	21.4	21	0	85	90
18.4	24.5	21.5	21.4	0	89	92
19.4	29.3	23.1	21.8	0	84	92
19.3	30.3	23.3	21.4	0	81	85
17.4	22.9	18.8	18.8	6	87	88
16.1	19.3	17.5	17.5	0.2	91	93
16.2	20.8	17.8	17.4	0	92	95
16	23.5	19.4	19.4	0	89	93
16.8	20.6	18.7	18.5	0	88	89
16.8	23	19	18.7	0.1	85	88
16.6	21	18.4	18	0	87	88
15.7	20.8	17.8	17.5	0	85	89
16.2	21.2	18	18.1	0.5	90	92
16.4	22.5	18.9	17.9	0	89	94
14.9	19.1	17.4	17.7	0	84	88
13.8	19.8	16	15	0	77	86
12.4	22.4	17.3	17.8	0	80	77
13.4	20.2	16.9	16.9	0	89	91
15.5	19.9	17.5	17.5	0	93	95
16	20.5	18.2	18	0	92	95
16.8	21	18.7	18.8	0.2	93	96
15.9	20.3	17	16.8	0	89	92
12.5	16.8	14.1	14.2	0	84	86
11.8	16.7	13.7	13.4	0	79	83
12	16	13.9	13.6	0	84	88
11.8	15	13.3	13.1	0	87	88
6.7	21	12.5	10.9	0	81	89
5	20.6	12.8	12.6	0	81	87
13	20.6	16.5	16.8	0	80	85
13.8	24	17.7	17	0	80	86
15.2	20.4	17.9	17.4	0	81	85
15.5	19.3	17	16.8	0	87	90
14.2	18	15.3	15.2	0.7	88	91
13.2	15.1	13.9	14	0.5	94	94
10	19.5	13.7	12.3	0	86	91
10.5	22	14.6	13.3	0	70	76
5.7	23.6	13.3	11.7	0	78	89
6.4	24	13.7	12.5	0	79	85
8.4	23.9	14.9	13.4	0	76	84
8	24.4	14.6	13.5	0	81	88
13	24.7	17.9	18.1	0	80	88
15.6	28	20.8	18.8	0	79	88
14.5	27.9	20.1	18.5	0	84	93
14.6	29.8	20.7	19.8	0	83	91
12.1	20.4	16.1	16.6	0	74	75
9	20.5	12.6	10.9	0	68	80
2.8	19	9.9	8.7	0	75	85
3.5	21.5	11.6	12.2	0	75	82
8.2	24.4	15.1	14.1	0	79	88
11.5	27.6	18	16.3	0	81	91
13.8	27.9	19.6	19.3	0	81	87
15.8	27.2	21.3	20.5	0	83	91
16	28	22.2	21.4	0	82	87
17.2	24.2	20.4	20.7	0	81	77
14.8	19.6	16.4	16.3	0	75	76
13	17	14.7	14.5	0	84	87
10.2	21.7	14.8	13	0	85	93
8.8	21.3	14.3	14.1	1	87	91
14.2	17.4	15.9	16.2	1	95	96
15.4	19	17.1	17.1	0	95	97
15	22	17.8	16.9	0	90	93
12.2	26.8	19	17.7	0	82	92
14.2	21.8	17.7	18.1	0	87	91
16.4	22.5	18.5	17.8	3	81	83
14.2	17.8	15.6	15.5	1	94	95
14	22	17.2	17.1	0	85	87
16.5	19.7	17.8	17.6	0.7	86	87
14	17.8	15.2	15.1	0.5	93	92
13.8	20.8	16	14.9	0	89	94
11.8	27.3	17.7	15.7	0	88	96
12.5	23.3	18.4	18.5	0	86	86
16.4	25	19.3	17.7	0	80	87
10.4	17	13	13.1	0	53	48
6.8	16	10	9.1	0	52	50
1.2	19	8.6	8.1	0	69	74
1.8	20.3	10.1	9.3	0	67	78
4.2	23.9	12.2	11.7	0	68	73
4.5	25.3	13.3	12.9	0	67	69
6.2	27	15.5	14.9	0	65	73
10	28.2	17.6	17.8	0	70	74
12.5	29.9	20.1	19.2	0	70	74
17.6	23.2	20	19.7	0	66	68
14.5	24.5	18.8	18.4	0	77	82
15.2	31.4	22	19.8	0	73	82
13.6	31.9	21.3	19.3	0	76	88
12.6	30	20.6	20.4	0	71	74
17.2	29.4	21.9	20.1	0	65	61
15	19.8	16.7	16.9	0	57	58
12.8	18.3	14.8	14.6	0.8	68	68
10.4	22.1	15.1	13.5	0	73	79
8	27.1	15.7	13.9	0	67	70
5.3	25	15.6	15.3	0	65	72
7.5	26.6	17.8	16.3	0	66	72
11.2	30.1	19.1	18.6	0	66	73
13.2	31.4	21.3	20.9	0	68	70
14.8	31.9	22.2	20.9	0	67	72
16.8	22.7	19.7	19.8	0	78	79
14.6	30.6	22	21.5	0	74	79
16.8	32	24	24.2	0	67	62
16.4	26.6	19.1	19.6	0	61	61
13.8	22.7	16.7	15.1	0	66	70
10	26	16.7	15	0	68	76
8.8	27.6	17.7	16.8	0	70	72
11.4	28	19	19.6	0	64	65
11	28.3	20.1	18.6	0	63	68
11.5	31.3	20.1	19.3	0	65	67
12.8	33.5	22	21.3	0	60	53
15.4	22.9	18.4	18.3	0	51	57
5.2	24.9	15.3	14	0	54	55
4.2	27.8	15.7	15.2	0	54	61
7.8	30.9	18.7	17.9	0	54	56
11.3	31.1	20.8	20.7	0	56	58
14.5	34	23.6	25.1	0	58	55
19.2	31	24.7	24.5	0	59	60
17.3	30.8	22.9	20.8	0	64	71
20.3	34.5	26.3	26.7	0	60	63
20	36	26.4	25.3	0	65	64
14.8	26.6	16	15.5	0	64	64
13.5	25	17.4	15.9	0	56	61
10.4	32.4	19.7	20	0	62	65
15.8	37.2	25.1	24.3	0	57	61
18.3	36	26.2	26.3	2	59	57
17.7	28.2	20.7	21.3	0	54	48
14.6	23.9	17.9	16.5	0	59	66
10.8	29	19.5	19	0	56	61
14.5	28	20.6	20.8	0	64	69
14.8	26.4	20.3	19.2	0	74	77
18.3	30.7	23.3	23	0	69	72
17	28	21.1	21.3	0	66	64
15	22.7	18.2	17.5	0	52	52
14.8	25.3	19.4	19.8	0	50	47
13.4	25.7	18.7	17.4	0	56	62
11.3	29.8	19.7	18.4	0	56	58
16	21	18.5	18.2	0	59	58
11	22	16.7	16.3	0	60	64
8.5	27.3	18.3	17.4	0	55	57
10.8	31.3	20.4	19.9	0	53	54
12.5	36.3	23.6	24	0	53	57
16.8	38.9	27.1	27.4	0	49	48
19.2	29.5	24.1	24.3	0	39	39
17.6	26.5	21	20.1	0	51	50
14.7	28.8	21.2	20.4	0	55	59
13	32	21.8	22.8	0	60	58
21.8	34	27.3	27.4	0	53	56
20.5	38.7	28.3	28.4	0	55	54
18.8	30.6	23.9	23.9	1	60	62
13	18.8	15.9	16.1	0.2	86	88
14.6	26	18.2	17.8	0	80	83
12.4	36.8	22.8	22.3	0	66	65
15.2	33.7	22.5	20.6	0	50	46
14.2	29	21.5	20	0	42	43
12.5	34.6	23.1	23.3	0	39	36
12	37.6	25	26.7	0	40	32
14.8	38.5	26.4	27.6	0	49	45
19.8	36.5	28.1	28.7	0	45	41
23	29.6	25.3	25.3	0	53	52
22	33.5	26.2	25.2	0.1	59	66
20.8	26	22.5	22.1	6	82	86
19.4	26	21.9	21.5	0	80	77
18	21.8	19	18.8	2	85	84
14.6	18.6	16.3	16.2	4	89	89
12	20.3	15.3	15.1	0.6	81	85
14.5	27.2	19.5	18.1	0	60	72
12.4	27.1	19.4	19.5	0	63	68
14.8	32.8	22.6	23.5	0	62	64
18.6	37.5	27.8	27.2	0	54	57
21.7	41.7	31	30.8	0	50	50
23.1	32.4	26.6	26.6	0	48	51
15.9	31.8	24.4	24.3	0	62	65
18	35.4	25.3	23.2	2	61	61
13.7	24	18.3	18.1	0	72	74
14.4	29	21.8	23.7	0	59	60
18.7	35	26.6	25.7	0	55	56
18.5	37.7	28	27.7	0	57	55
20.6	35	27.5	26.7	0	60	62
21.8	33.6	27.4	27	0	59	56
23	28	25.1	24.7	0	60	63
19	39.2	28.6	28.4	0	57	52
22.5	35	26.9	25.5	12	63	64
19.6	33.4	25.3	25.4	0	63	58
19.2	35.6	27.6	29.1	0	57	51
20.6	37	29.3	29.2	0	56	52
21.6	37.8	29.4	28.5	0	58	55
19.7	29.4	22.9	23.4	7	76	72
18.1	26	21.8	22.1	0.2	80	81
20	29.5	23.9	24.1	0	73	74
21.2	31.2	25.6	24.6	0	71	74
20.8	34.5	26.3	26	21	69	70
20.3	26.9	21.8	21.4	7	93	95
19	24	21.2	20.8	0	90	91
19.2	31.2	24.4	23.5	0	70	75
18	35.2	26.2	25.5	0	59	58
18.3	33.8	26.3	26.3	0	57	62
19.2	37	27.3	27.5	0	57	55
21	41.2	30.3	29.8	0	55	54
23	31.4	25.5	25.4	0	45	45
19.4	33.8	26.2	25	0	51	56
18.8	27.7	22.2	21.8	1	67	66
15.5	33.3	24.8	25	0	58	58
15.8	37.1	27	26.4	0	55	55
21.1	32.2	26.1	24.7	0	53	50
19.5	29.6	24.2	24	0	58	60
17.4	36.5	27.2	27.8	0	53	44
19.5	39.9	29.4	30.4	0	51	46
21.4	31.2	24.2	23	0	54	55
17.4	33.4	25.6	25.9	0	53	53
19.1	36.5	27.7	28.7	0	51	51
22.4	36.3	29	28.3	0	54	58
23	35.7	28.9	29.8	0.4	57	57
22.8	36	28.8	27.9	0	62	65
23.2	36	28.7	27.9	4	61	65
22.4	30.7	26	25.4	37	79	80
21.4	29.8	24.5	23.5	27	84	82
19.4	23.8	21	21	6	90	95
18.6	26.6	21.8	21.9	0	84	89
20	30	24.9	25.3	0	76	78
22.4	34.9	28.1	28	0	69	70
22.8	36.5	29.7	28.3	0	66	69
22	33	26	25.6	5	82	86
21.4	33.2	26.5	26.7	0	77	78
22.2	33.3	27.6	26.6	0	68	75
20.5	34.8	27.8	28.3	0	66	60
22.1	39	30.3	31.2	0	61	58
24	37.8	30.4	29.4	0	58	58
24.6	36	30.7	30.3	0	60	63
25.3	40	31.8	32.2	0	61	59
21.6	38.4	27.1	25.3	37	75	82
17.6	24.6	20.5	20.3	0	84	85
19.2	32	25.4	26.4	12	75	74
22.5	33.9	27.9	27.3	6	77	79
21.4	33.9	27.8	28.3	11	77	75
22.2	29.8	25.6	25.8	0	84	88
20.7	32.6	25.6	24.3	14	83	91
19.8	27.6	22.7	22	0.1	81	85
20.5	31.3	25.2	24.4	0	75	82
21.6	34.4	27.6	28.4	0	70	62
22.4	35.7	28.2	26.5	0.3	70	68
23	30.5	25.7	25.1	0	77	79
21	35.2	27.4	26.6	0	71	73
20.8	37.2	28.9	28.9	0	66	68
25.2	35	29.2	28.3	0	71	75