0.002
0.051130 
0.143970 
0.262534 
0.399283 
0.546940 
0.695975 
0.832685 
0.938352 
0.991501 
0.975353 
0.888444 
0.749640 
0.590266 
0.439107 
0.312835 
0.216017 
0.145915 
0.097051 
0.063844 
0.041662 
0.027020 
0.017440 
0.011211 
0.007183 
0.004589 
0.002924 
0.001859 
0.001179 
0.000747 
0.000472 
0.000298 
0.000187 
0.000118 
0.000074 
0.000046 
0.000029 
0.000018 
0.000011 
0.000007 
0.000004 
0.000003 
0.000002 
0.000001 
0.000001 
0.000001
0.000001
0.000001 
0.000001
0.000001
0.000001
0.000001
0.002
0.051130 
0.143970 
0.262534 
0.399283 
0.546940 
0.695975 
0.832685 
0.938352 
0.991501 
0.975353 
0.888444 
0.749640 
0.590266 
0.439107 
0.312835 
0.216017 
0.145915 
0.097051 
0.063844 
0.041662 
0.027020 
0.017440 
0.011211 
0.007183 
0.004589 
0.002924 
0.001859 
0.001179 
0.000747 
0.000472 
0.000298 
0.000187 
0.000118 
0.000074 
0.000046 
0.000029 
0.000018 
0.000011 
0.000007 
0.000004 
0.000003 
0.000002 
0.000001 
0.000001 
0.000001
0.000001
0.000001 
0.000001
0.000001
0.000001
0.000001
0.002
0.002
0.051130 
0.143970 
0.262534 
0.399283 
0.546940 
0.695975 
0.832685 
0.938352 
0.991501 
0.975353 
0.888444 
0.749640 
0.590266 
0.439107 
0.312835 
0.216017 
0.145915 
0.097051 
0.063844 
0.041662 
0.027020 
0.017440 
0.011211 
0.007183 
0.004589 
0.002924 
0.001859 
0.001179 
0.000747 
0.000472 
0.000298 
0.000187 
0.000118 
0.000074 
0.000046 
0.000029 
0.000018 
0.000011 
0.000007 
0.000004 
0.000003 
0.000002 
0.000001 
0.000001 
0.000001
0.000001
0.000001 
0.000001
0.000001
0.000001
0.000001
0.002
0.051130 
0.143970 
0.262534 
0.399283 
0.546940 
0.695975 
0.832685 
0.938352 
0.991501 
0.975353 
0.888444 
0.749640 
0.590266 
0.439107 
0.312835 
0.216017 
0.145915 
0.097051 
0.063844 
0.041662 
0.027020 
0.017440 
0.011211 
0.007183 
0.004589 
0.002924 
0.001859 
0.001179 
0.000747 
0.000472 
0.000298 
0.000187 
0.000118 
0.000074 
0.000046 
0.000029 
0.000018 
0.000011 
0.000007 
0.000004 
0.000003 
0.000002 
0.000001 
0.000001 
0.000001
0.000001
0.000001 
0.000001
0.000001
0.000001
0.000001
0.002
0.051130 
0.143970 
0.262534 
0.399283 
0.546940 
0.695975 
0.832685 
0.938352 
0.991501 
0.975353 
0.888444 
0.749640 
0.590266 
0.439107 
0.312835 
0.216017 
0.145915 
0.097051 
0.063844 
0.041662 
0.027020 
0.017440 
0.011211 
0.007183 
0.004589 
0.002924 
0.001859 
0.001179 
0.000747 
0.000472 
0.000298 
0.000187 
0.000118 
0.000074 
0.000046 
0.000029 
0.000018 
0.000011 
0.000007 
0.000004 
0.000003 
0.000002 
0.000001 
0.000001 
0.000001
0.000001
0.000001 
0.000001
0.000001
0.000001
0.000001
0.002
0.051130 
0.143970 
0.262534 
0.399283 
0.546940 
0.695975 
0.832685 
0.938352 
0.991501 
0.975353 
0.888444 
0.749640 
0.590266 
0.439107 
0.312835 
0.216017 
0.145915 
0.097051 
0.063844 
0.041662 
0.027020 
0.017440 
0.011211 
0.007183 
0.004589 
0.002924 
0.001859 
0.001179 
0.000747 
0.000472 
0.000298 
0.000187 
0.000118 
0.000074 
0.000046 
0.000029 
0.000018 
0.000011 
0.000007 
0.000004 
0.000003 
0.000002 
0.000001 
0.000001 
0.000001
0.000001
0.000001 
0.000001
0.000001
0.000001
0.000001
0.002
0.051130 
0.143970 
0.262534 
0.399283 
0.546940 
0.695975 
0.832685 
0.938352 
0.991501 
0.975353 
0.888444 
0.749640 
0.590266 
0.439107 
0.312835 
0.216017 
0.145915 
0.097051 
0.063844 
0.041662 
0.027020 
0.017440 
0.011211 
0.007183 
0.004589 
0.002924 
0.001859 
0.001179 
0.000747 
0.000472 
0.000298 
0.000187 
0.000118 
0.000074 
0.000046 
0.000029 
0.000018 
0.000011 
0.000007 
0.000004 
0.000003 
0.000002 
0.000001 
0.000001 
0.000001
0.000001
0.000001 
0.000001
0.000001
0.000001
0.000001
0.002
0.051130 
0.143970 
0.262534 
0.399283 
0.546940 
0.695975 
0.832685 
0.938352 
0.991501 
0.975353 
0.888444 
0.749640 
0.590266 
0.439107 
0.312835 
0.216017 
0.145915 
0.097051 
0.063844 
0.041662 
0.027020 
0.017440 
0.011211 
0.007183 
0.004589 
0.002924 
0.001859 
0.001179 
0.000747 
0.000472 
0.000298 
0.000187 
0.000118 
0.000074 
0.000046 
0.000029 
0.000018 
0.000011 
0.000007 
0.000004 
0.000003 
0.000002 
0.000001 
0.000001 
0.000001
0.000001
0.000001 
0.000001
0.000001
0.000001
0.000001
0.002
0.051130 
0.143970 
0.262534 
0.399283 
0.546940 
0.695975 
0.832685 
0.938352 
0.991501 
0.975353 
0.888444 
0.749640 
0.590266 
0.439107 
0.312835 
0.216017 
0.145915 
0.097051 
0.063844 
0.041662 
0.027020 
0.017440 
0.011211 
0.007183 
0.004589 
0.002924 
0.001859 
0.001179 
0.000747 
0.000472 
0.000298 
0.000187 
0.000118 
0.000074 
0.000046 
0.000029 
0.000018 
0.000011 
0.000007 
0.000004 
0.000003 
0.000002 
0.000001 
0.000001 
0.000001
0.000001
0.000001 
0.000001
0.000001
0.000001
0.000001
0.002
0.051130 
0.143970 
0.262534 
0.399283 
0.546940 
0.695975 
0.832685 
0.938352 
0.991501 
0.975353 
0.888444 
0.749640 
0.590266 
0.439107 
0.312835 
0.216017 
0.145915 
0.097051 
0.063844 
0.041662 
0.027020 
0.017440 
0.011211 
0.007183 
0.004589 
0.002924 
0.001859 
0.001179 
0.000747 
0.000472 
0.000298 
0.000187 
0.000118 
0.000074 
0.000046 
0.000029 
0.000018 
0.000011 
0.000007 
0.000004 
0.000003 
0.000002 
0.000001 
0.000001 
0.000001
0.000001
0.000001 
0.000001
0.000001
0.000001
0.000001
0.002
0.051130 
0.143970 
0.262534 
0.399283 
0.546940 
0.695975 
0.832685 
0.938352 
0.991501 
0.975353 
0.888444 
0.749640 
0.590266 
0.439107 
0.312835 
0.216017 
0.145915 
0.097051 
0.063844 
0.041662 
0.027020 
0.017440 
0.011211 
0.007183 
0.004589 
0.002924 
0.001859 
0.001179 
0.000747 
0.000472 
0.000298 
0.000187 
0.000118 
0.000074 
0.000046 
0.000029 
0.000018 
0.000011 
0.000007 
0.000004 
0.000003 
0.000002 
0.000001 
0.000001 
0.000001
0.000001
0.000001 
0.000001
0.000001
0.000001
0.000001
0.002
0.051130 
0.143970 
0.262534 
0.399283 
0.546940 
0.695975 
0.832685 
0.938352 
0.991501 
0.975353 
0.888444 
0.749640 
0.590266 
0.439107 
0.312835 
0.216017 
0.145915 
0.097051 
0.063844 
0.041662 
0.027020 
0.017440 
0.011211 
0.007183 
0.004589 
0.002924 
0.001859 
0.001179 
0.000747 
0.000472 
0.000298 
0.000187 
0.000118 
0.000074 
0.000046 
0.000029 
0.000018 
0.000011 
0.000007 
0.000004 
0.000003 
0.000002 
0.000001 
0.000001 
0.000001
0.000001
0.000001 
0.000001
0.000001
0.000001
0.000001
0.000001
0.000001